1
6
12
13
14
15
19
24
25
31
32
33
34
35
36
37
38
39
40
41
42
44
45
46
48
49
50
51
52
53
54
55
56
57
58
59
60
61
62
63
64
67
69
70
71
73
74
75
77
78
80
81
83
84
88
89
90
91
92
93
94
95
96
97
98
100
102
103
104
105
107
108
111
112
113
114
115
116
117
118
119
120
121
122
123
124
125
126
127
128
129
132
133
134
135
136
137
138
139
140
141
142
143
144
145
146
147
148
149
150
151
152
153
155
156
157
158
159
160
161
162
163
164
165
166
167
168
169
170
171
172
173
174
175
176
177
178
179
180
181
182
184
185
186
187
189
190
193
194
195
197
198
199
200
201
202
203
204
205
206
208
209
210
211
212
213
214
215
216
217
218
219
220
221
222
223
224
225
226
228
229
230
232
233
234
236
237
238
239
240
241
242
243
244
245
246
247
249
250
252
253
254
255
256
258
259
260
261
262
263
264
265
266
267
268
269
270
271
272
274
275
276
277
278
279
280
281
282
283
285
286
288
290
291
292
293
294
295
296
297
300
301
302
303
304
305
306
307
308
309
310
312
313
314
315
318
319
322
324
326
329
330
331
332
333
335
336
337
338
339
340
341
342
343
344
347
348
349
350
351
352
353
354
355
358
359
360
361
362
363
364
365
366
367
368
369
370
371
373
374
375
376
378
379
380
382
384
385
386
387
388
389
390
391
392
393
394
395
396
397
398
399
400
401
402
403
404
406
407
408
409
410
411
412
413
414
415
416
417
418
419
421
422
423
424
425
426
427
428
429
430
431
432
433
434
435
436
437
438
439
440
441
442
444
446
447
448
451
452
453
454
455
456
457
459
460
461
463
464
465
466
467
468
469
470
471
472
473
474
475
476
477
478
480
481
483
484
485
486
487
488
489
490
491
492
493
495
496
497
504
505
507
508
509
511
512
513
514
515
517
518
519
520
522
523
524
525
527
528
529
530
531
532
533
534
535
536
537
538
539
540
541
542
545
546
547
548
549
550
551
552
553
554
555
556
557
559
561
563
564
565
566
568
570
571
574
575
576
578
579
580
581
582
583
584
585
587
588
589
590
591
593
595
596
597
598
599
600
601
602
606
611
612
617
618
623
628
629
630
631
632
634
636
638
640
641
642
645
646
648
649
650
651
652
654
655
656
657
658
659
660
661
664
665
666
667
668
669
670
671
672
673
674
676
677
678
679
680
681
683
684
686
690
691
692
693
694
696
697
699
700
703
704
705
706
711
712
713
715
716
719
720
721
722
724
725
727
728
729
730
731
732
733
734
735
738
739
740
741
742
743
744
745
746
747
748
749
751
752
753
754
756
757
758
760
761
763
764
765
766
767
768
769
772
773
775
776
777
780
781
782
783
784
786
788
789
790
793
794
798
799
801
802
803
805
806
808
809
810
811
812
815
820
821
822
823
824
827
830
831
832
835
836
837
838
839
840
841
842
844
845
846
847
848
849
851
853
855
856
857
861
862
863
864
865
866
867
868
870
871
874
875
876
877
878
880
881
882
883
885
886
887
888
890
894
895
896
897
898
901
903
905
907
908
910
911
912
913
915
916
917
918
919
920
921
922
923
924
925
926
927
928
929
931
932
933
934
935
936
937
938
940
941
942
946
947
948
949
950
951
952
953
957
959
960
961
962
965
966
967
973
975
977
978
979
980
981
982
984
985
987
988
989
991
992
993
994
995
996
997
998
999
1000
1001
1002
1003
1004
1005
1007
1008
1010
1011
1012
1013
1015
1016
1018
1019
1020
1021
1022
1024
1026
1027
1029
1030
1031
1032
1033
1035
1037
1038
1039
1040
1041
1042
1043
1044
1045
1046
1047
1048
1049
1050
1051
1052
1053
1054
1056
1057
1059
1060
1061
1064
1065
1066
1067
1068
1070
1072
1073
1074
1075
1077
1079
1080
1081
1082
1083
1084
1085
1086
1087
1088
1089
1090
1091
1092
1093
1095

2
3
21
47
639
687

4
5
30
82
109
110
675
685
755
759
791
797
804
807
869
884
945
958
963
964
972
983
990

7
18
23
573
633
647
698
717
771
792
796
826
829
833
843
850
858
859
872
889
909
939
954
955
956
968
969
970
971
976
1006
1023
1055
1058
1063
1069
1071
1078
1094

8
9
445
449
450
860
914
930
974

10
130
131
320
327
328
334
345
356
420
458
462
567
569
572
577

11
154
188
191
192
196
207
227
231
235
273
284
289
299
316
317
321
325
377
479
482
813
817
819
825
828
834
873
879
891
893
943
944
1062

16
17
43
72
76
298
311
323
521
560
562
610
613
615
616
619
620
621
622
644
714
762
779
816
854
892
1014
1017
1076

20
65
85
86
87
99
101
106
558
586

22
603
818
1009
1025
1028

26
66
68
79
183
248
251
257
287
346
498
499
500
501
502
503
506
516
526
544
592
594
605
607
614
625
627
635
643
702
708
709
718
750
770
778
785
787
795
800
814
852
899
902
904
906
986
1034
1036

27
689
726
774

28
29
357
372
381
383
405
443
494
510
543
604
608
609
624
626
637
653
662
663
682
688
695
701
707
710
723
736
737
900

