406
t_index tf-idf 
4977 3.039414119176137
1948 2.5622928644564746
7717 3.039414119176137
11898 3.039414119176137
4022 3.039414119176137
8274 1.1881557704570618
4916 3.039414119176137
10421 2.738384123512156
4973 2.5622928644564746
9289 3.039414119176137
9602 3.039414119176137
939 2.5622928644564746
6408 3.039414119176137
7902 2.4373541278481747
4305 2.738384123512156
12133 2.738384123512156
10977 2.738384123512156
12192 2.2612628687924934
5022 3.039414119176137
10923 2.738384123512156
6920 2.1363241321841935
10593 3.039414119176137
8201 2.2612628687924934
10799 3.039414119176137
11050 3.039414119176137
12108 3.039414119176137
9238 3.039414119176137
11209 3.039414119176137
11845 3.039414119176137
9219 3.039414119176137
6170 3.039414119176137
3601 3.039414119176137
8584 3.039414119176137
5945 3.039414119176137
7222 1.9980214340179119
6121 3.039414119176137
3645 3.039414119176137
11241 2.340444114840118
10437 3.039414119176137
8119 2.738384123512156
6266 2.738384123512156
10544 3.039414119176137
5311 3.039414119176137
6525 2.5622928644564746
2025 3.039414119176137
12114 1.8352941365202122
10566 3.039414119176137
236 3.039414119176137
8465 3.039414119176137
7437 3.039414119176137
6133 2.738384123512156
10360 3.039414119176137
562 2.340444114840118
2457 3.039414119176137
5924 3.039414119176137
11838 3.039414119176137
7460 3.039414119176137
9290 3.039414119176137
5283 3.039414119176137
9894 3.039414119176137
9566 3.039414119176137
2787 3.039414119176137
10265 2.1943160791618803
9815 3.039414119176137
2758 3.039414119176137
5744 3.039414119176137
8149 2.5622928644564746
2350 3.039414119176137
11867 3.039414119176137
2544 2.1943160791618803
10405 3.039414119176137
4631 3.039414119176137
1066 3.039414119176137
6740 3.039414119176137
11616 3.039414119176137
2219 2.738384123512156
480 3.039414119176137
6269 3.039414119176137
4960 3.039414119176137
10707 3.039414119176137
7438 2.4373541278481747
6785 3.039414119176137
77 3.039414119176137
7740 3.039414119176137
5361 2.5622928644564746
9385 3.039414119176137
2157 3.039414119176137
3315 3.039414119176137
8049 3.039414119176137
1661 3.039414119176137
5984 2.738384123512156
4420 2.2612628687924934
959 3.039414119176137
8114 2.2612628687924934
1568 3.039414119176137
883 3.039414119176137
5006 3.039414119176137
11151 3.039414119176137
4912 2.738384123512156
186 3.039414119176137
1675 3.039414119176137
11894 2.1363241321841935
7502 3.039414119176137
8311 3.039414119176137
4139 3.039414119176137
6607 3.039414119176137
3852 3.039414119176137
11939 3.039414119176137
10112 2.738384123512156
11035 3.039414119176137
2255 3.039414119176137
8302 2.738384123512156
2382 3.039414119176137
8892 2.5622928644564746
7741 3.039414119176137
11083 3.039414119176137
7127 3.039414119176137
11024 3.039414119176137
12017 2.5622928644564746
2601 3.039414119176137
3733 2.738384123512156
10594 2.738384123512156
11967 2.738384123512156
10795 3.039414119176137
7140 2.738384123512156
441 2.738384123512156
8832 3.039414119176137
6370 2.5622928644564746
5975 3.039414119176137
8241 3.039414119176137
6180 2.5622928644564746
7879 3.039414119176137
11968 2.738384123512156
10696 2.738384123512156
8899 3.039414119176137
5325 3.039414119176137
10528 3.039414119176137
2391 3.039414119176137
2145 3.039414119176137
7183 3.039414119176137
11436 2.1363241321841935
6759 3.039414119176137
10922 3.039414119176137
10611 3.039414119176137
627 3.039414119176137
11569 2.738384123512156
6555 3.039414119176137
624 3.039414119176137
4077 3.039414119176137
10363 3.039414119176137
3805 3.039414119176137
2557 2.4373541278481747
1518 3.039414119176137
10828 3.039414119176137
478 2.340444114840118
3661 3.039414119176137
9464 3.039414119176137
2832 2.738384123512156
5221 3.039414119176137
2081 3.039414119176137
10086 3.039414119176137
3268 3.039414119176137
9920 3.039414119176137
9613 3.039414119176137
2652 3.039414119176137
726 3.039414119176137
6626 2.5622928644564746
4259 3.039414119176137
1551 2.738384123512156
7608 3.039414119176137
1872 3.039414119176137
11084 3.039414119176137
446 3.039414119176137
2369 3.039414119176137
4516 2.738384123512156
6983 3.039414119176137
3462 3.039414119176137
11156 3.039414119176137
3864 3.039414119176137
9743 3.039414119176137
8642 3.039414119176137
1341 3.039414119176137
3326 3.039414119176137
4438 3.039414119176137
8174 3.039414119176137
9198 3.039414119176137
5987 3.039414119176137
7270 2.4373541278481747
3961 2.738384123512156
2859 3.039414119176137
11065 3.039414119176137
10231 3.039414119176137
1391 3.039414119176137
2070 3.039414119176137
10163 3.039414119176137
1047 3.039414119176137
1599 3.039414119176137
4843 3.039414119176137
10181 3.039414119176137
11257 3.039414119176137
3801 3.039414119176137
471 2.738384123512156
7938 3.039414119176137
2621 3.039414119176137
5196 3.039414119176137
2339 3.039414119176137
872 3.039414119176137
3065 3.039414119176137
11129 2.738384123512156
5308 3.039414119176137
8434 3.039414119176137
8405 3.039414119176137
6230 3.039414119176137
8817 2.738384123512156
7716 3.039414119176137
7274 3.039414119176137
8009 3.039414119176137
2639 3.039414119176137
9497 2.4373541278481747
10763 2.4373541278481747
5776 3.039414119176137
6668 3.039414119176137
1212 3.039414119176137
1163 2.1943160791618803
4061 3.039414119176137
3324 3.039414119176137
6151 3.039414119176137
7646 3.039414119176137
920 3.039414119176137
937 3.039414119176137
8911 2.5622928644564746
1800 3.039414119176137
7171 2.5622928644564746
11636 3.039414119176137
1979 3.039414119176137
2276 3.039414119176137
9575 3.039414119176137
2304 3.039414119176137
654 3.039414119176137
3499 3.039414119176137
3385 3.039414119176137
9154 3.039414119176137
717 3.039414119176137
2064 3.039414119176137
1641 3.039414119176137
6835 3.039414119176137
3739 3.039414119176137
8252 3.039414119176137
2130 2.738384123512156
9378 3.039414119176137
2710 3.039414119176137
1186 3.039414119176137
4862 3.039414119176137
11587 3.039414119176137
8211 3.039414119176137
8580 3.039414119176137
4562 3.039414119176137
10574 3.039414119176137
6671 3.039414119176137
6338 3.039414119176137
7207 3.039414119176137
10472 3.039414119176137
1025 3.039414119176137
7037 3.039414119176137
226 3.039414119176137
643 3.039414119176137
3021 3.039414119176137
1485 3.039414119176137
11605 3.039414119176137
9893 3.039414119176137
7947 3.039414119176137
7063 3.039414119176137
12025 3.039414119176137
830 3.039414119176137
8528 3.039414119176137
5220 2.340444114840118
11670 3.039414119176137
4629 3.039414119176137
1108 3.039414119176137
6359 3.039414119176137
1040 3.039414119176137
669 3.039414119176137
1490 3.039414119176137
9383 3.039414119176137
784 3.039414119176137
6959 3.039414119176137
4692 3.039414119176137
7736 3.039414119176137
11743 3.039414119176137
4580 3.039414119176137
316 3.039414119176137
655 3.039414119176137
8057 3.039414119176137
7984 3.039414119176137
3261 2.738384123512156
10591 3.039414119176137
3704 3.039414119176137
1290 3.039414119176137
3028 3.039414119176137
2633 2.2612628687924934
9116 2.738384123512156
6590 2.738384123512156
4286 3.039414119176137
10444 3.039414119176137
9187 3.039414119176137
3228 2.738384123512156
7334 3.039414119176137
4563 3.039414119176137
4232 3.039414119176137
2426 3.039414119176137
1521 3.039414119176137
8592 3.039414119176137
7819 3.039414119176137
4828 3.039414119176137
9645 3.039414119176137
5561 3.039414119176137
10022 3.039414119176137
3536 3.039414119176137
11048 3.039414119176137
7760 3.039414119176137
2845 3.039414119176137
7336 3.039414119176137
619 3.039414119176137
9541 3.039414119176137
1013 3.039414119176137
5491 3.039414119176137
853 3.039414119176137
2422 3.039414119176137
9472 3.039414119176137
11858 3.039414119176137
10951 2.4373541278481747
6356 3.039414119176137
2554 3.039414119176137
680 3.039414119176137
8939 3.039414119176137
1428 3.039414119176137
12129 3.039414119176137
5284 3.039414119176137
12137 3.039414119176137
1098 3.039414119176137
6139 3.039414119176137
5118 3.039414119176137
10579 3.039414119176137
3075 3.039414119176137
4256 3.039414119176137
10823 2.738384123512156
6185 3.039414119176137
12195 3.039414119176137
8919 2.738384123512156
1956 3.039414119176137
4004 3.039414119176137
6986 3.039414119176137
4351 3.039414119176137
8613 3.039414119176137
4905 3.039414119176137
8734 3.039414119176137
1351 3.039414119176137
10243 3.039414119176137
1797 3.039414119176137
3491 3.039414119176137
7693 3.039414119176137
9461 3.039414119176137
4733 3.039414119176137
2143 3.039414119176137
5417 3.039414119176137
1681 3.039414119176137
6601 3.039414119176137
9914 3.039414119176137
5344 3.039414119176137
10802 3.039414119176137
4878 3.039414119176137
141 3.039414119176137
3958 3.039414119176137
7487 3.039414119176137
10030 2.1363241321841935
9159 3.039414119176137
230 2.738384123512156
5013 3.039414119176137
9471 3.039414119176137
2139 3.039414119176137
3629 3.039414119176137
11078 3.039414119176137
10219 3.039414119176137
7908 3.039414119176137
2703 3.039414119176137
9375 3.039414119176137
7637 3.039414119176137
9419 3.039414119176137
4624 3.039414119176137
9066 3.039414119176137
10373 2.738384123512156
3985 3.039414119176137
4799 3.039414119176137
7825 3.039414119176137
8417 3.039414119176137
11841 3.039414119176137
3023 3.039414119176137
4007 3.039414119176137
194 2.738384123512156
9542 3.039414119176137
8483 3.039414119176137
9651 3.039414119176137
12128 3.039414119176137
1357 3.039414119176137
1449 2.5622928644564746
1443 3.039414119176137
