504
t_index tf-idf 
11996 2.085171609736812
4977 3.039414119176137
11898 3.039414119176137
4022 3.039414119176137
8279 3.039414119176137
8274 1.1881557704570618
4289 3.039414119176137
10421 2.738384123512156
4973 2.5622928644564746
5673 2.340444114840118
9289 3.039414119176137
939 2.5622928644564746
498 3.039414119176137
8461 3.039414119176137
8276 2.5622928644564746
3652 3.039414119176137
10977 2.738384123512156
12192 2.2612628687924934
1500 2.738384123512156
6920 2.1363241321841935
8507 2.738384123512156
8201 2.2612628687924934
8104 2.738384123512156
4767 3.039414119176137
4539 3.039414119176137
3498 3.039414119176137
11943 2.5622928644564746
3435 3.039414119176137
11209 3.039414119176137
10272 3.039414119176137
6040 2.738384123512156
7539 3.039414119176137
4943 2.5622928644564746
8335 3.039414119176137
3645 3.039414119176137
7222 1.9980214340179119
7655 3.039414119176137
8819 3.039414119176137
8047 3.039414119176137
4787 3.039414119176137
12114 1.8352941365202122
5446 2.738384123512156
9077 3.039414119176137
507 3.039414119176137
9386 3.039414119176137
509 3.039414119176137
5894 3.039414119176137
1652 3.039414119176137
236 3.039414119176137
7437 3.039414119176137
6133 2.738384123512156
2760 3.039414119176137
5414 3.039414119176137
562 2.340444114840118
481 3.039414119176137
9424 3.039414119176137
10162 3.039414119176137
2820 3.039414119176137
10903 3.039414119176137
11838 3.039414119176137
2875 3.039414119176137
9290 3.039414119176137
5283 3.039414119176137
1101 2.738384123512156
9519 2.340444114840118
10265 2.1943160791618803
6333 3.039414119176137
280 3.039414119176137
2800 2.340444114840118
7353 3.039414119176137
9815 3.039414119176137
2758 3.039414119176137
8545 3.039414119176137
7218 3.039414119176137
3969 3.039414119176137
11814 3.039414119176137
2350 3.039414119176137
2544 2.1943160791618803
1331 2.4373541278481747
6381 2.340444114840118
12030 3.039414119176137
12011 3.039414119176137
2436 3.039414119176137
3789 2.5622928644564746
8951 2.738384123512156
4960 3.039414119176137
4800 2.738384123512156
4127 3.039414119176137
367 1.8633228601204557
7438 2.4373541278481747
7436 3.039414119176137
77 3.039414119176137
1313 3.039414119176137
1935 2.4373541278481747
3662 3.039414119176137
2157 3.039414119176137
6062 3.039414119176137
3315 3.039414119176137
9568 2.5622928644564746
2915 3.039414119176137
579 3.039414119176137
1661 3.039414119176137
4420 2.2612628687924934
6194 3.039414119176137
3711 3.039414119176137
8173 2.738384123512156
8233 3.039414119176137
614 3.039414119176137
3627 2.5622928644564746
8289 3.039414119176137
7516 3.039414119176137
11174 3.039414119176137
8843 2.738384123512156
7787 3.039414119176137
510 3.039414119176137
9163 3.039414119176137
2807 3.039414119176137
2018 2.738384123512156
119 2.5622928644564746
12197 1.9980214340179119
8771 3.039414119176137
8937 3.039414119176137
863 3.039414119176137
782 3.039414119176137
7901 1.9602328731285121
1729 3.039414119176137
2006 3.039414119176137
3450 3.039414119176137
5339 3.039414119176137
6090 2.738384123512156
6599 3.039414119176137
9390 3.039414119176137
1430 3.039414119176137
3421 3.039414119176137
7329 2.738384123512156
11594 3.039414119176137
6036 2.5622928644564746
1675 3.039414119176137
11894 2.1363241321841935
5505 3.039414119176137
8864 3.039414119176137
7502 3.039414119176137
5413 3.039414119176137
203 3.039414119176137
289 3.039414119176137
3063 3.039414119176137
4139 3.039414119176137
2798 3.039414119176137
6607 3.039414119176137
2375 3.039414119176137
10523 3.039414119176137
11052 3.039414119176137
11765 3.039414119176137
2817 3.039414119176137
6746 2.4373541278481747
11589 3.039414119176137
11882 3.039414119176137
8195 3.039414119176137
3852 3.039414119176137
11101 3.039414119176137
11939 3.039414119176137
8961 3.039414119176137
773 3.039414119176137
8840 2.5622928644564746
6223 2.5622928644564746
9310 3.039414119176137
2255 3.039414119176137
4677 3.039414119176137
6934 3.039414119176137
8892 2.5622928644564746
8282 2.738384123512156
70 3.039414119176137
626 3.039414119176137
8978 3.039414119176137
245 3.039414119176137
10365 3.039414119176137
6157 3.039414119176137
5741 3.039414119176137
10735 3.039414119176137
3433 3.039414119176137
3658 3.039414119176137
5352 3.039414119176137
12066 3.039414119176137
10792 2.738384123512156
4237 3.039414119176137
1334 3.039414119176137
9572 3.039414119176137
8002 3.039414119176137
3592 3.039414119176137
3733 2.738384123512156
11967 2.738384123512156
4754 3.039414119176137
3378 3.039414119176137
7140 2.738384123512156
4036 3.039414119176137
1519 2.738384123512156
7555 3.039414119176137
5915 3.039414119176137
178 2.5622928644564746
3322 3.039414119176137
441 2.738384123512156
4897 3.039414119176137
3042 3.039414119176137
5567 3.039414119176137
4633 3.039414119176137
1665 3.039414119176137
6972 3.039414119176137
4744 2.5622928644564746
12198 1.9254707668693
9770 3.039414119176137
104 3.039414119176137
5110 3.039414119176137
4242 3.039414119176137
7531 3.039414119176137
6180 2.5622928644564746
3252 2.5622928644564746
4734 3.039414119176137
80 3.039414119176137
10245 2.738384123512156
132 3.039414119176137
3636 3.039414119176137
11890 2.738384123512156
4417 2.340444114840118
5171 3.039414119176137
9064 3.039414119176137
8785 3.039414119176137
8224 3.039414119176137
10772 3.039414119176137
7860 3.039414119176137
11551 3.039414119176137
5816 3.039414119176137
10228 3.039414119176137
11677 3.039414119176137
2655 3.039414119176137
11436 2.1363241321841935
3574 2.738384123512156
11569 2.738384123512156
10061 3.039414119176137
8675 3.039414119176137
984 3.039414119176137
6992 3.039414119176137
2557 2.4373541278481747
2635 2.738384123512156
4458 3.039414119176137
10048 3.039414119176137
184 3.039414119176137
2831 3.039414119176137
129 3.039414119176137
11906 3.039414119176137
9332 3.039414119176137
5622 3.039414119176137
670 3.039414119176137
9130 3.039414119176137
8255 3.039414119176137
2712 3.039414119176137
10512 3.039414119176137
2814 3.039414119176137
780 3.039414119176137
2013 3.039414119176137
3279 3.039414119176137
11721 3.039414119176137
4148 3.039414119176137
5819 3.039414119176137
4847 3.039414119176137
5604 3.039414119176137
9464 3.039414119176137
8812 3.039414119176137
161 3.039414119176137
554 3.039414119176137
1540 3.039414119176137
4802 3.039414119176137
1373 3.039414119176137
374 3.039414119176137
125 3.039414119176137
8494 2.4373541278481747
15 3.039414119176137
10255 6.078828238352274
4143 3.039414119176137
2692 3.039414119176137
439 3.039414119176137
11749 3.039414119176137
8928 3.039414119176137
11261 3.039414119176137
9180 3.039414119176137
9605 3.039414119176137
3562 3.039414119176137
5438 3.039414119176137
7420 3.039414119176137
4008 3.039414119176137
159 3.039414119176137
10525 2.738384123512156
9483 3.039414119176137
11703 3.039414119176137
10927 3.039414119176137
3268 3.039414119176137
9526 2.5622928644564746
9613 3.039414119176137
1910 3.039414119176137
1906 3.039414119176137
6626 2.5622928644564746
11196 3.039414119176137
4259 3.039414119176137
1551 2.738384123512156
10089 3.039414119176137
10600 2.738384123512156
1883 3.039414119176137
4902 3.039414119176137
9283 3.039414119176137
7273 3.039414119176137
5600 3.039414119176137
11141 3.039414119176137
8878 3.039414119176137
5987 3.039414119176137
10200 3.039414119176137
1391 3.039414119176137
3521 2.738384123512156
1864 3.039414119176137
8576 3.039414119176137
1599 3.039414119176137
1896 3.039414119176137
2243 3.039414119176137
4843 3.039414119176137
7193 3.039414119176137
9752 3.039414119176137
25 3.039414119176137
2621 3.039414119176137
5196 3.039414119176137
5434 2.738384123512156
6409 3.039414119176137
10697 3.039414119176137
872 3.039414119176137
10844 2.738384123512156
8394 3.039414119176137
4319 3.039414119176137
5973 3.039414119176137
6028 3.039414119176137
8434 3.039414119176137
1512 3.039414119176137
7894 3.039414119176137
3269 3.039414119176137
8817 2.738384123512156
5158 3.039414119176137
2919 3.039414119176137
3655 2.2612628687924934
7988 3.039414119176137
4521 2.738384123512156
8952 3.039414119176137
11143 3.039414119176137
493 3.039414119176137
10763 2.4373541278481747
3313 3.039414119176137
5776 3.039414119176137
6837 3.039414119176137
8973 3.039414119176137
2198 3.039414119176137
6151 3.039414119176137
88 3.039414119176137
7157 1.760660518223308
5406 3.039414119176137
9724 3.039414119176137
10067 3.039414119176137
7936 3.039414119176137
7171 2.5622928644564746
8702 3.039414119176137
4788 3.039414119176137
5011 3.039414119176137
8363 3.039414119176137
10215 3.039414119176137
11903 2.738384123512156
2776 2.738384123512156
7504 3.039414119176137
3795 3.039414119176137
7405 3.039414119176137
659 3.039414119176137
2427 2.340444114840118
660 2.738384123512156
3499 3.039414119176137
7152 3.039414119176137
6476 3.039414119176137
2682 2.039414119176137
6141 3.039414119176137
9154 3.039414119176137
11091 3.039414119176137
1641 3.039414119176137
6835 3.039414119176137
3764 3.039414119176137
10822 3.039414119176137
5343 3.039414119176137
1731 3.039414119176137
8169 3.039414119176137
532 3.039414119176137
4463 3.039414119176137
6891 2.738384123512156
3117 3.039414119176137
1185 2.4373541278481747
1092 3.039414119176137
4366 3.039414119176137
11866 2.738384123512156
8188 3.039414119176137
10072 3.039414119176137
6169 3.039414119176137
3583 3.039414119176137
10954 3.039414119176137
9068 3.039414119176137
5781 3.039414119176137
3779 3.039414119176137
11532 3.039414119176137
3535 3.039414119176137
2633 2.2612628687924934
7179 3.039414119176137
11848 3.039414119176137
3695 2.738384123512156
10670 3.039414119176137
6590 2.738384123512156
1791 3.039414119176137
10444 3.039414119176137
8926 3.039414119176137
1422 3.039414119176137
4553 2.738384123512156
9953 3.039414119176137
11134 3.039414119176137
10951 2.4373541278481747
4499 3.039414119176137
2847 3.039414119176137
8976 3.039414119176137
11701 2.4373541278481747
2790 3.039414119176137
2806 3.039414119176137
680 3.039414119176137
8939 3.039414119176137
2627 3.039414119176137
7723 3.039414119176137
3137 3.039414119176137
5223 3.039414119176137
5284 3.039414119176137
9274 3.039414119176137
5045 3.039414119176137
2996 3.039414119176137
5118 3.039414119176137
7932 2.738384123512156
4566 3.039414119176137
9111 3.039414119176137
6185 3.039414119176137
2433 3.039414119176137
2107 3.039414119176137
1052 3.039414119176137
4920 3.039414119176137
1892 3.039414119176137
5398 2.340444114840118
12027 2.1943160791618803
10845 2.738384123512156
2658 3.039414119176137
7178 3.039414119176137
898 3.039414119176137
103 2.738384123512156
8551 3.039414119176137
7693 3.039414119176137
9624 3.039414119176137
4380 3.039414119176137
4733 3.039414119176137
668 2.738384123512156
8254 3.039414119176137
10604 2.738384123512156
9293 2.1363241321841935
5300 2.738384123512156
11098 3.039414119176137
29 3.039414119176137
10126 3.039414119176137
1559 3.039414119176137
11823 3.039414119176137
3939 3.039414119176137
5168 3.039414119176137
5344 3.039414119176137
6836 2.738384123512156
10129 3.039414119176137
3958 3.039414119176137
1157 3.039414119176137
150 3.039414119176137
230 2.738384123512156
303 3.039414119176137
8900 2.039414119176137
6635 2.340444114840118
8536 3.039414119176137
4876 3.039414119176137
6667 3.039414119176137
5268 3.039414119176137
8156 3.039414119176137
10990 3.039414119176137
630 3.039414119176137
9926 3.039414119176137
3985 3.039414119176137
193 3.039414119176137
6664 3.039414119176137
3278 3.039414119176137
5189 3.039414119176137
6701 2.340444114840118
11277 3.039414119176137
9185 3.039414119176137
12128 3.039414119176137
262 2.738384123512156
4409 3.039414119176137
10856 2.1943160791618803
4308 2.2612628687924934
1443 3.039414119176137
