391
t_index tf-idf 
2812 3.039414119176137
1948 2.5622928644564746
4022 3.039414119176137
8274 1.1881557704570618
12105 3.039414119176137
4289 3.039414119176137
10421 2.738384123512156
9289 3.039414119176137
9602 3.039414119176137
498 3.039414119176137
3608 3.039414119176137
7902 2.4373541278481747
4963 3.039414119176137
9620 2.039414119176137
10977 2.738384123512156
6704 3.039414119176137
6455 2.738384123512156
8397 3.039414119176137
8507 2.738384123512156
4539 3.039414119176137
3498 3.039414119176137
11943 2.5622928644564746
11864 3.039414119176137
11209 3.039414119176137
5621 3.039414119176137
7539 3.039414119176137
6030 3.039414119176137
5945 3.039414119176137
3645 3.039414119176137
8119 2.738384123512156
9224 2.340444114840118
7168 3.039414119176137
5311 3.039414119176137
8572 3.039414119176137
12114 1.8352941365202122
5446 2.738384123512156
507 3.039414119176137
2740 3.039414119176137
10566 3.039414119176137
9386 3.039414119176137
1652 3.039414119176137
6900 3.039414119176137
509 3.039414119176137
236 3.039414119176137
628 3.039414119176137
562 2.340444114840118
481 3.039414119176137
2820 3.039414119176137
11838 3.039414119176137
2875 3.039414119176137
4176 3.039414119176137
9290 3.039414119176137
5283 3.039414119176137
1101 2.738384123512156
9519 2.340444114840118
10265 2.1943160791618803
6216 3.039414119176137
2142 3.039414119176137
2758 3.039414119176137
5744 3.039414119176137
7218 3.039414119176137
2350 3.039414119176137
11867 3.039414119176137
2544 2.1943160791618803
1331 2.4373541278481747
1721 3.039414119176137
8424 3.039414119176137
6740 3.039414119176137
4960 3.039414119176137
8813 3.039414119176137
4800 2.738384123512156
4127 3.039414119176137
367 1.8633228601204557
7438 2.4373541278481747
4034 3.039414119176137
6785 3.039414119176137
77 3.039414119176137
1935 2.4373541278481747
5361 2.5622928644564746
2157 3.039414119176137
2915 3.039414119176137
8049 3.039414119176137
579 3.039414119176137
4420 2.2612628687924934
8511 3.039414119176137
8114 2.2612628687924934
8289 3.039414119176137
510 3.039414119176137
2807 3.039414119176137
8937 3.039414119176137
2018 2.738384123512156
119 2.5622928644564746
12197 1.9980214340179119
8771 3.039414119176137
1971 3.039414119176137
2587 3.039414119176137
7882 3.039414119176137
863 3.039414119176137
782 3.039414119176137
7901 1.9602328731285121
4912 2.738384123512156
10843 3.039414119176137
6599 3.039414119176137
11288 3.039414119176137
7329 2.738384123512156
11594 3.039414119176137
11894 2.1363241321841935
3777 2.2612628687924934
5413 3.039414119176137
4139 3.039414119176137
289 3.039414119176137
5317 3.039414119176137
7502 3.039414119176137
1683 3.039414119176137
6746 2.4373541278481747
11882 3.039414119176137
10112 2.738384123512156
9310 3.039414119176137
11035 3.039414119176137
8302 2.738384123512156
6127 3.039414119176137
4677 3.039414119176137
8282 2.738384123512156
11043 2.738384123512156
11418 3.039414119176137
10365 3.039414119176137
5741 3.039414119176137
10735 3.039414119176137
9838 3.039414119176137
10792 2.738384123512156
6051 3.039414119176137
9534 3.039414119176137
11967 2.738384123512156
3378 3.039414119176137
1963 3.039414119176137
12011 3.039414119176137
7555 3.039414119176137
5915 3.039414119176137
3322 3.039414119176137
5567 3.039414119176137
462 3.039414119176137
9273 3.039414119176137
4897 3.039414119176137
7722 3.039414119176137
4744 2.5622928644564746
105 2.5622928644564746
12198 1.9254707668693
10085 2.738384123512156
3999 2.4373541278481747
3570 3.039414119176137
6221 3.039414119176137
3856 3.039414119176137
11564 3.039414119176137
104 3.039414119176137
3164 2.5622928644564746
9488 3.039414119176137
7531 3.039414119176137
80 3.039414119176137
1325 2.738384123512156
6473 3.039414119176137
11968 2.738384123512156
2148 3.039414119176137
8040 3.039414119176137
3636 3.039414119176137
11890 2.738384123512156
6702 3.039414119176137
7378 3.039414119176137
7183 3.039414119176137
11436 2.1363241321841935
627 3.039414119176137
11569 2.738384123512156
2654 2.738384123512156
10363 3.039414119176137
4214 3.039414119176137
5349 3.039414119176137
2557 2.4373541278481747
10222 3.039414119176137
1518 3.039414119176137
478 2.340444114840118
9578 3.039414119176137
11906 3.039414119176137
880 3.039414119176137
11866 2.738384123512156
11117 3.039414119176137
697 2.4373541278481747
5819 3.039414119176137
15 3.039414119176137
2832 2.738384123512156
4143 3.039414119176137
3562 3.039414119176137
11749 3.039414119176137
6107 3.039414119176137
2137 2.738384123512156
2622 3.039414119176137
10525 2.738384123512156
839 3.039414119176137
3268 3.039414119176137
9526 2.5622928644564746
726 3.039414119176137
6879 3.039414119176137
1189 3.039414119176137
470 3.039414119176137
1551 2.738384123512156
446 3.039414119176137
972 3.039414119176137
4516 2.738384123512156
620 3.039414119176137
10600 2.738384123512156
1883 3.039414119176137
9870 3.039414119176137
4902 3.039414119176137
1112 3.039414119176137
454 3.039414119176137
3375 3.039414119176137
3521 2.738384123512156
3665 3.039414119176137
1047 3.039414119176137
2243 3.039414119176137
4843 3.039414119176137
3331 2.340444114840118
3801 3.039414119176137
14 3.039414119176137
5701 3.039414119176137
6743 3.039414119176137
8328 3.039414119176137
5428 3.039414119176137
55 3.039414119176137
4271 3.039414119176137
2621 3.039414119176137
7019 3.039414119176137
4936 3.039414119176137
5196 3.039414119176137
5434 2.738384123512156
8072 3.039414119176137
5557 3.039414119176137
9680 3.039414119176137
872 3.039414119176137
10844 2.738384123512156
9485 2.5622928644564746
4319 3.039414119176137
4559 3.039414119176137
1183 3.039414119176137
8405 3.039414119176137
1512 3.039414119176137
7894 3.039414119176137
5158 3.039414119176137
3655 2.2612628687924934
8362 3.039414119176137
3049 3.039414119176137
9337 3.039414119176137
3978 3.039414119176137
3597 3.039414119176137
3698 3.039414119176137
10428 3.039414119176137
3206 3.039414119176137
4521 2.738384123512156
8601 3.039414119176137
9497 2.4373541278481747
9994 3.039414119176137
10975 3.039414119176137
2840 3.039414119176137
9505 3.039414119176137
11081 3.039414119176137
5553 2.738384123512156
397 3.039414119176137
10401 3.039414119176137
3718 3.039414119176137
3677 3.039414119176137
10763 2.4373541278481747
5776 3.039414119176137
4765 3.039414119176137
1163 2.1943160791618803
7066 3.039414119176137
7157 1.760660518223308
9724 3.039414119176137
5601 3.039414119176137
4788 3.039414119176137
6275 3.039414119176137
5011 3.039414119176137
3974 3.039414119176137
11903 2.738384123512156
7504 3.039414119176137
1141 3.039414119176137
3795 3.039414119176137
2203 3.039414119176137
1330 3.039414119176137
59 3.039414119176137
4904 3.039414119176137
10768 3.039414119176137
2427 2.340444114840118
660 2.738384123512156
11576 2.2612628687924934
9826 3.039414119176137
1614 3.039414119176137
10744 3.039414119176137
4883 3.039414119176137
6483 3.039414119176137
7479 3.039414119176137
795 6.078828238352274
7017 3.039414119176137
2542 3.039414119176137
714 3.039414119176137
8400 3.039414119176137
6476 3.039414119176137
741 3.039414119176137
12245 3.039414119176137
49 3.039414119176137
3774 3.039414119176137
5435 3.039414119176137
2842 3.039414119176137
3392 3.039414119176137
5441 3.039414119176137
5496 3.039414119176137
665 3.039414119176137
85 3.039414119176137
1641 3.039414119176137
6835 3.039414119176137
5037 3.039414119176137
9607 3.039414119176137
532 3.039414119176137
1352 3.039414119176137
1185 2.4373541278481747
8701 3.039414119176137
10954 3.039414119176137
2229 3.039414119176137
1130 3.039414119176137
1894 3.039414119176137
2633 2.2612628687924934
831 3.039414119176137
12119 3.039414119176137
1791 3.039414119176137
8319 3.039414119176137
1422 3.039414119176137
4553 2.738384123512156
12038 3.039414119176137
11134 3.039414119176137
10951 2.4373541278481747
3944 3.039414119176137
4400 1.8089651977978631
7723 3.039414119176137
5445 3.039414119176137
4132 3.039414119176137
5223 3.039414119176137
2261 3.039414119176137
2996 3.039414119176137
4566 3.039414119176137
3075 3.039414119176137
9111 3.039414119176137
6529 3.039414119176137
1052 3.039414119176137
3156 3.039414119176137
5398 2.340444114840118
2811 3.039414119176137
9577 3.039414119176137
2028 3.039414119176137
3912 3.039414119176137
12014 3.039414119176137
9952 2.738384123512156
2236 3.039414119176137
8734 3.039414119176137
9063 3.039414119176137
10845 2.738384123512156
103 2.738384123512156
2143 3.039414119176137
2178 3.039414119176137
9293 2.1363241321841935
9878 3.039414119176137
3939 3.039414119176137
2411 3.039414119176137
6836 2.738384123512156
11688 3.039414119176137
1157 3.039414119176137
10030 2.1363241321841935
1758 3.039414119176137
150 3.039414119176137
10741 3.039414119176137
303 3.039414119176137
189 3.039414119176137
2647 3.039414119176137
11610 3.039414119176137
8292 3.039414119176137
8156 3.039414119176137
10990 3.039414119176137
4624 3.039414119176137
9988 3.039414119176137
9926 3.039414119176137
11183 2.738384123512156
6701 2.340444114840118
9185 3.039414119176137
12128 3.039414119176137
262 2.738384123512156
