267
t_index tf-idf 
115 3.039414119176137
3697 3.039414119176137
11898 3.039414119176137
2811 3.039414119176137
4162 3.039414119176137
4022 3.039414119176137
7157 1.760660518223308
8765 3.039414119176137
937 3.039414119176137
8040 3.039414119176137
10119 3.039414119176137
3636 3.039414119176137
4289 3.039414119176137
3987 3.039414119176137
11890 2.738384123512156
10696 2.738384123512156
10067 3.039414119176137
5673 2.340444114840118
9952 2.738384123512156
9724 3.039414119176137
8785 3.039414119176137
9289 3.039414119176137
9602 3.039414119176137
11941 3.039414119176137
11372 3.039414119176137
7171 2.5622928644564746
664 3.039414119176137
5011 3.039414119176137
7902 2.4373541278481747
3652 3.039414119176137
940 3.039414119176137
10977 2.738384123512156
5911 3.039414119176137
10846 3.039414119176137
11903 2.738384123512156
1500 2.738384123512156
10383 3.039414119176137
9338 3.039414119176137
6920 2.1363241321841935
7504 3.039414119176137
10845 2.738384123512156
8507 2.738384123512156
3795 3.039414119176137
2054 3.039414119176137
11677 3.039414119176137
11436 2.1363241321841935
2658 3.039414119176137
11055 3.039414119176137
11569 2.738384123512156
948 3.039414119176137
8326 3.039414119176137
2427 2.340444114840118
660 2.738384123512156
7152 3.039414119176137
2682 2.039414119176137
7539 3.039414119176137
3385 3.039414119176137
682 3.039414119176137
2557 2.4373541278481747
7222 1.9980214340179119
3645 3.039414119176137
10120 3.039414119176137
7655 3.039414119176137
478 2.340444114840118
9293 2.1363241321841935
1641 3.039414119176137
7458 3.039414119176137
11098 3.039414119176137
8993 2.5622928644564746
129 3.039414119176137
2128 3.039414119176137
12114 1.8352941365202122
670 3.039414119176137
11866 2.738384123512156
5406 3.039414119176137
507 3.039414119176137
9386 3.039414119176137
3037 2.1363241321841935
6383 3.039414119176137
5819 3.039414119176137
7437 3.039414119176137
6133 2.738384123512156
562 2.340444114840118
2832 2.738384123512156
481 3.039414119176137
2411 3.039414119176137
2820 3.039414119176137
11261 3.039414119176137
2875 3.039414119176137
11944 3.039414119176137
6044 3.039414119176137
9290 3.039414119176137
10525 2.738384123512156
9473 3.039414119176137
5312 3.039414119176137
1101 2.738384123512156
8411 3.039414119176137
3407 3.039414119176137
10265 2.1943160791618803
11928 3.039414119176137
6216 3.039414119176137
11357 3.039414119176137
3268 3.039414119176137
9526 2.5622928644564746
863 3.039414119176137
1157 3.039414119176137
11895 3.039414119176137
7353 3.039414119176137
1185 2.4373541278481747
6541 3.039414119176137
220 3.039414119176137
1092 3.039414119176137
1906 3.039414119176137
9820 3.039414119176137
7919 3.039414119176137
2350 3.039414119176137
8701 3.039414119176137
1481 3.039414119176137
2966 3.039414119176137
2544 2.1943160791618803
12212 3.039414119176137
10962 3.039414119176137
5770 2.738384123512156
1551 2.738384123512156
10072 3.039414119176137
7608 3.039414119176137
8644 3.039414119176137
1872 3.039414119176137
4154 3.039414119176137
5084 3.039414119176137
5737 3.039414119176137
769 3.039414119176137
7804 3.039414119176137
4415 3.039414119176137
972 3.039414119176137
2062 3.039414119176137
2823 3.039414119176137
7449 3.039414119176137
3703 3.039414119176137
4133 3.039414119176137
1883 3.039414119176137
3789 2.5622928644564746
1687 3.039414119176137
201 3.039414119176137
9870 3.039414119176137
4902 3.039414119176137
11078 3.039414119176137
11103 3.039414119176137
7438 2.4373541278481747
367 1.8633228601204557
2115 3.039414119176137
2973 3.039414119176137
1313 3.039414119176137
4869 3.039414119176137
7270 2.4373541278481747
3695 2.738384123512156
4853 3.039414119176137
3662 3.039414119176137
5268 3.039414119176137
2157 3.039414119176137
1391 3.039414119176137
6590 2.738384123512156
9568 2.5622928644564746
579 3.039414119176137
4420 2.2612628687924934
10163 3.039414119176137
1791 3.039414119176137
9218 3.039414119176137
8173 2.738384123512156
1599 3.039414119176137
8156 3.039414119176137
3627 2.5622928644564746
11934 3.039414119176137
10577 3.039414119176137
4843 3.039414119176137
9702 3.039414119176137
8883 3.039414119176137
8937 3.039414119176137
2018 2.738384123512156
12197 1.9980214340179119
7661 3.039414119176137
6678 3.039414119176137
2247 9.11824235752841
8771 3.039414119176137
119 2.5622928644564746
11507 3.039414119176137
11632 3.039414119176137
7901 1.9602328731285121
3365 3.039414119176137
1898 3.039414119176137
1553 2.738384123512156
8794 3.039414119176137
1422 3.039414119176137
5339 3.039414119176137
11647 3.039414119176137
9146 3.039414119176137
11449 3.039414119176137
4917 3.039414119176137
1772 3.039414119176137
8196 3.039414119176137
7293 3.039414119176137
379 3.039414119176137
51 3.039414119176137
8234 3.039414119176137
2113 3.039414119176137
7961 3.039414119176137
11002 3.039414119176137
11092 3.039414119176137
5196 3.039414119176137
5434 2.738384123512156
1675 3.039414119176137
1771 3.039414119176137
3777 2.2612628687924934
203 3.039414119176137
4139 3.039414119176137
5317 3.039414119176137
3193 3.039414119176137
11765 3.039414119176137
10951 2.4373541278481747
6746 2.4373541278481747
4967 3.039414119176137
11882 3.039414119176137
8195 3.039414119176137
3988 3.039414119176137
4677 3.039414119176137
8892 2.5622928644564746
11043 2.738384123512156
70 3.039414119176137
1686 3.039414119176137
10365 3.039414119176137
6157 3.039414119176137
5741 3.039414119176137
10735 3.039414119176137
4552 3.039414119176137
2919 3.039414119176137
8002 3.039414119176137
3655 2.2612628687924934
3049 3.039414119176137
3597 3.039414119176137
10795 3.039414119176137
3378 3.039414119176137
4036 3.039414119176137
12011 3.039414119176137
4521 2.738384123512156
5118 3.039414119176137
7555 3.039414119176137
5915 3.039414119176137
2599 3.039414119176137
3670 3.039414119176137
1839 3.039414119176137
10763 2.4373541278481747
6701 2.340444114840118
2433 3.039414119176137
12198 1.9254707668693
10085 2.738384123512156
5776 3.039414119176137
3999 2.4373541278481747
9185 3.039414119176137
1052 3.039414119176137
1892 3.039414119176137
7531 3.039414119176137
696 3.039414119176137
2784 3.039414119176137
3252 2.5622928644564746
6180 2.5622928644564746
5398 2.340444114840118
8333 3.039414119176137
