439
t_index tf-idf 
11996 2.085171609736812
1948 2.5622928644564746
11898 3.039414119176137
4022 3.039414119176137
8274 1.1881557704570618
10137 3.039414119176137
10119 3.039414119176137
4289 3.039414119176137
10421 2.738384123512156
4973 2.5622928644564746
5673 2.340444114840118
2056 3.039414119176137
5130 3.039414119176137
9289 3.039414119176137
498 3.039414119176137
3652 3.039414119176137
4963 3.039414119176137
12133 2.738384123512156
10977 2.738384123512156
12192 2.2612628687924934
11322 3.039414119176137
1500 2.738384123512156
6920 2.1363241321841935
8507 2.738384123512156
2162 3.039414119176137
8104 2.738384123512156
3498 3.039414119176137
11943 2.5622928644564746
3435 3.039414119176137
6382 3.039414119176137
12103 2.5622928644564746
7539 3.039414119176137
2666 3.039414119176137
7222 1.9980214340179119
3645 3.039414119176137
11241 2.340444114840118
8047 3.039414119176137
7168 3.039414119176137
5311 3.039414119176137
12114 1.8352941365202122
5446 2.738384123512156
507 3.039414119176137
9386 3.039414119176137
509 3.039414119176137
10566 3.039414119176137
5894 3.039414119176137
236 3.039414119176137
7437 3.039414119176137
6133 2.738384123512156
562 2.340444114840118
481 3.039414119176137
9424 3.039414119176137
5972 3.039414119176137
2457 3.039414119176137
10435 2.5622928644564746
2875 3.039414119176137
9290 3.039414119176137
12058 3.039414119176137
1101 2.738384123512156
8426 3.039414119176137
2787 3.039414119176137
10265 2.1943160791618803
110 3.039414119176137
9815 3.039414119176137
5744 3.039414119176137
3969 3.039414119176137
2350 3.039414119176137
2544 2.1943160791618803
1331 2.4373541278481747
1721 3.039414119176137
5084 3.039414119176137
8424 3.039414119176137
2062 3.039414119176137
6740 3.039414119176137
6269 3.039414119176137
367 1.8633228601204557
7438 2.4373541278481747
7436 3.039414119176137
10660 3.039414119176137
77 3.039414119176137
420 3.039414119176137
3431 3.039414119176137
5361 2.5622928644564746
6796 3.039414119176137
3662 3.039414119176137
9197 3.039414119176137
621 3.039414119176137
3315 3.039414119176137
9568 2.5622928644564746
579 3.039414119176137
5984 2.738384123512156
959 3.039414119176137
1860 3.039414119176137
8173 2.738384123512156
614 3.039414119176137
3627 2.5622928644564746
8289 3.039414119176137
8843 2.738384123512156
510 3.039414119176137
2807 3.039414119176137
8937 3.039414119176137
119 2.5622928644564746
2018 2.738384123512156
863 3.039414119176137
8771 3.039414119176137
12197 1.9980214340179119
782 3.039414119176137
5006 3.039414119176137
9880 3.039414119176137
7901 1.9602328731285121
5339 3.039414119176137
3303 3.039414119176137
10807 3.039414119176137
11894 2.1363241321841935
7502 3.039414119176137
5413 3.039414119176137
4139 3.039414119176137
3777 2.2612628687924934
10523 3.039414119176137
6746 2.4373541278481747
1622 3.039414119176137
11882 3.039414119176137
3850 2.738384123512156
8961 3.039414119176137
8840 2.5622928644564746
9310 3.039414119176137
4677 3.039414119176137
6934 3.039414119176137
2671 3.039414119176137
6127 3.039414119176137
8892 2.5622928644564746
1686 3.039414119176137
10365 3.039414119176137
11024 3.039414119176137
4237 3.039414119176137
6202 3.039414119176137
6051 3.039414119176137
9534 3.039414119176137
11967 2.738384123512156
8340 3.039414119176137
4754 3.039414119176137
1963 3.039414119176137
3378 3.039414119176137
12011 3.039414119176137
1519 2.738384123512156
441 2.738384123512156
8042 3.039414119176137
105 2.5622928644564746
12198 1.9254707668693
10085 2.738384123512156
9770 3.039414119176137
3999 2.4373541278481747
6221 3.039414119176137
6180 2.5622928644564746
4379 2.738384123512156
80 3.039414119176137
11968 2.738384123512156
10245 2.738384123512156
9340 3.039414119176137
8040 3.039414119176137
3636 3.039414119176137
11890 2.738384123512156
663 2.5622928644564746
8785 3.039414119176137
5911 3.039414119176137
9338 3.039414119176137
5816 3.039414119176137
2655 3.039414119176137
11436 2.1363241321841935
2109 3.039414119176137
3574 2.738384123512156
11569 2.738384123512156
948 3.039414119176137
754 3.039414119176137
10605 3.039414119176137
10341 3.039414119176137
2557 2.4373541278481747
478 2.340444114840118
10505 3.039414119176137
2128 3.039414119176137
9531 2.738384123512156
8776 3.039414119176137
2575 3.039414119176137
15 3.039414119176137
3562 3.039414119176137
11261 3.039414119176137
7420 3.039414119176137
10525 2.738384123512156
8725 2.738384123512156
2918 3.039414119176137
169 3.039414119176137
3268 3.039414119176137
2652 3.039414119176137
1910 3.039414119176137
726 3.039414119176137
6879 3.039414119176137
776 3.039414119176137
1906 3.039414119176137
2608 3.039414119176137
6626 2.5622928644564746
10962 3.039414119176137
4259 3.039414119176137
1551 2.738384123512156
7608 3.039414119176137
10259 3.039414119176137
2369 3.039414119176137
10089 3.039414119176137
1883 3.039414119176137
3462 3.039414119176137
4902 3.039414119176137
5600 3.039414119176137
9761 3.039414119176137
1112 3.039414119176137
8878 3.039414119176137
5987 3.039414119176137
7270 2.4373541278481747
11020 3.039414119176137
1354 3.039414119176137
1391 3.039414119176137
10163 3.039414119176137
3665 3.039414119176137
1599 3.039414119176137
2243 3.039414119176137
5263 3.039414119176137
3801 3.039414119176137
9752 3.039414119176137
471 2.738384123512156
8328 3.039414119176137
11948 3.039414119176137
4271 3.039414119176137
1853 2.738384123512156
2621 3.039414119176137
5196 3.039414119176137
5434 2.738384123512156
5807 3.039414119176137
1222 3.039414119176137
872 3.039414119176137
3988 3.039414119176137
10844 2.738384123512156
3925 3.039414119176137
9321 3.039414119176137
8985 3.039414119176137
5973 3.039414119176137
6028 3.039414119176137
5308 3.039414119176137
6230 3.039414119176137
7894 3.039414119176137
3559 3.039414119176137
11444 3.039414119176137
1340 3.039414119176137
8117 3.039414119176137
2919 3.039414119176137
3655 2.2612628687924934
7654 3.039414119176137
7988 3.039414119176137
10428 3.039414119176137
10835 3.039414119176137
3206 3.039414119176137
4521 2.738384123512156
9497 2.4373541278481747
11081 3.039414119176137
3718 3.039414119176137
10763 2.4373541278481747
5776 3.039414119176137
3245 3.039414119176137
10747 3.039414119176137
5082 3.039414119176137
2784 3.039414119176137
615 3.039414119176137
5923 3.039414119176137
10118 3.039414119176137
6151 3.039414119176137
4162 3.039414119176137
8907 3.039414119176137
7157 1.760660518223308
937 3.039414119176137
5406 3.039414119176137
9724 3.039414119176137
10067 3.039414119176137
2834 3.039414119176137
7936 3.039414119176137
7171 2.5622928644564746
8702 3.039414119176137
6275 3.039414119176137
10215 3.039414119176137
11903 2.738384123512156
7504 3.039414119176137
10601 3.039414119176137
3036 3.039414119176137
2427 2.340444114840118
3432 3.039414119176137
660 2.738384123512156
7479 3.039414119176137
795 3.039414119176137
9552 2.738384123512156
2682 2.039414119176137
9154 3.039414119176137
11091 3.039414119176137
1641 3.039414119176137
6835 3.039414119176137
6642 2.738384123512156
3739 3.039414119176137
10410 3.039414119176137
6891 2.738384123512156
1873 3.039414119176137
1185 2.4373541278481747
7925 3.039414119176137
8701 3.039414119176137
6169 3.039414119176137
3583 3.039414119176137
4415 3.039414119176137
655 3.039414119176137
5781 3.039414119176137
7984 3.039414119176137
7811 2.738384123512156
3779 3.039414119176137
1333 3.039414119176137
2435 2.5622928644564746
4964 3.039414119176137
2633 2.2612628687924934
831 3.039414119176137
335 3.039414119176137
5293 3.039414119176137
12119 3.039414119176137
6974 3.039414119176137
8059 3.039414119176137
9702 3.039414119176137
8883 3.039414119176137
7661 3.039414119176137
6678 3.039414119176137
4239 3.039414119176137
7334 3.039414119176137
4553 2.738384123512156
925 6.078828238352274
7584 3.039414119176137
5028 3.039414119176137
3257 3.039414119176137
11675 3.039414119176137
11500 3.039414119176137
10463 3.039414119176137
2669 3.039414119176137
10668 3.039414119176137
9700 3.039414119176137
7023 3.039414119176137
11092 3.039414119176137
5393 3.039414119176137
10519 3.039414119176137
9953 3.039414119176137
12013 3.039414119176137
2880 3.039414119176137
2365 3.039414119176137
2609 3.039414119176137
1057 3.039414119176137
9873 2.738384123512156
2104 3.039414119176137
734 3.039414119176137
8440 3.039414119176137
11858 3.039414119176137
2422 3.039414119176137
3465 3.039414119176137
10951 2.4373541278481747
7163 3.039414119176137
8889 3.039414119176137
3889 3.039414119176137
87 3.039414119176137
8818 3.039414119176137
2771 3.039414119176137
2907 6.078828238352274
3503 3.039414119176137
9859 3.039414119176137
3944 3.039414119176137
2091 3.039414119176137
8939 3.039414119176137
1446 3.039414119176137
7723 3.039414119176137
5445 3.039414119176137
11912 3.039414119176137
5118 3.039414119176137
7932 2.738384123512156
4566 3.039414119176137
10823 2.738384123512156
6185 3.039414119176137
7917 3.039414119176137
5447 3.039414119176137
5341 3.039414119176137
5398 2.340444114840118
2811 3.039414119176137
9952 2.738384123512156
10941 3.039414119176137
10845 2.738384123512156
8371 3.039414119176137
3166 3.039414119176137
103 2.738384123512156
3291 3.039414119176137
10466 3.039414119176137
8551 3.039414119176137
9624 3.039414119176137
11683 3.039414119176137
3230 3.039414119176137
10604 2.738384123512156
9293 2.1363241321841935
29 3.039414119176137
11763 3.039414119176137
10492 3.039414119176137
71 3.039414119176137
3037 2.1363241321841935
3663 3.039414119176137
3939 3.039414119176137
9914 3.039414119176137
10885 3.039414119176137
6836 2.738384123512156
623 3.039414119176137
11688 3.039414119176137
9486 3.039414119176137
3958 3.039414119176137
1157 3.039414119176137
150 3.039414119176137
6253 3.039414119176137
303 3.039414119176137
6635 2.340444114840118
2139 3.039414119176137
9454 3.039414119176137
11103 3.039414119176137
2973 3.039414119176137
4844 3.039414119176137
8292 3.039414119176137
7351 3.039414119176137
8156 3.039414119176137
10990 3.039414119176137
9926 3.039414119176137
1517 3.039414119176137
11426 3.039414119176137
4298 3.039414119176137
4007 3.039414119176137
3670 3.039414119176137
6701 2.340444114840118
11631 3.039414119176137
3348 3.039414119176137
12128 3.039414119176137
