332
t_index tf-idf 
4977 3.039414119176137
7331 3.039414119176137
5581 3.039414119176137
9608 3.039414119176137
8748 3.039414119176137
6 3.039414119176137
4022 3.039414119176137
10310 3.039414119176137
6151 3.039414119176137
8274 1.1881557704570618
4351 3.039414119176137
6473 3.039414119176137
5308 3.039414119176137
12105 3.039414119176137
132 3.039414119176137
8040 3.039414119176137
1948 2.5622928644564746
2759 3.039414119176137
8656 3.039414119176137
5673 2.340444114840118
4367 3.039414119176137
9289 3.039414119176137
8785 3.039414119176137
8114 2.2612628687924934
3093 3.039414119176137
69 3.039414119176137
5325 3.039414119176137
11666 3.039414119176137
50 3.039414119176137
10845 2.738384123512156
7504 3.039414119176137
8667 3.039414119176137
6586 3.039414119176137
11801 3.039414119176137
4734 3.039414119176137
2203 3.039414119176137
8287 3.039414119176137
10228 3.039414119176137
3925 3.039414119176137
1609 3.039414119176137
11436 2.1363241321841935
8104 2.738384123512156
2320 3.039414119176137
7405 3.039414119176137
10253 3.039414119176137
760 3.039414119176137
12132 3.039414119176137
2109 3.039414119176137
1415 3.039414119176137
11569 2.738384123512156
4645 3.039414119176137
948 3.039414119176137
4668 2.738384123512156
7371 2.738384123512156
660 2.738384123512156
9570 3.039414119176137
10182 3.039414119176137
5259 3.039414119176137
624 3.039414119176137
10272 3.039414119176137
8551 3.039414119176137
6040 2.738384123512156
4077 3.039414119176137
7152 3.039414119176137
9028 3.039414119176137
2682 2.039414119176137
341 3.039414119176137
557 2.738384123512156
6141 3.039414119176137
3645 3.039414119176137
10446 3.039414119176137
7704 3.039414119176137
2635 2.738384123512156
7655 3.039414119176137
10120 3.039414119176137
1002 3.039414119176137
8819 3.039414119176137
8047 3.039414119176137
5311 3.039414119176137
8296 3.039414119176137
10902 3.039414119176137
3723 2.738384123512156
4593 3.039414119176137
11561 3.039414119176137
10385 3.039414119176137
129 3.039414119176137
880 3.039414119176137
12114 1.8352941365202122
5446 2.738384123512156
6096 3.039414119176137
11866 2.738384123512156
11008 2.4373541278481747
507 3.039414119176137
697 2.4373541278481747
9386 3.039414119176137
509 3.039414119176137
6383 3.039414119176137
3085 3.039414119176137
3274 3.039414119176137
11707 3.039414119176137
3663 3.039414119176137
10566 3.039414119176137
11823 3.039414119176137
7437 3.039414119176137
533 3.039414119176137
6133 2.738384123512156
9607 3.039414119176137
8245 3.039414119176137
4183 3.039414119176137
2575 3.039414119176137
2832 2.738384123512156
5396 3.039414119176137
2760 3.039414119176137
12019 3.039414119176137
5972 3.039414119176137
8926 3.039414119176137
3972 3.039414119176137
2060 3.039414119176137
8264 3.039414119176137
9605 3.039414119176137
11838 3.039414119176137
6641 3.039414119176137
7630 3.039414119176137
6044 3.039414119176137
326 3.039414119176137
9290 3.039414119176137
10046 3.039414119176137
6047 3.039414119176137
10525 2.738384123512156
6836 2.738384123512156
7509 3.039414119176137
8444 3.039414119176137
977 3.039414119176137
2920 2.738384123512156
3643 3.039414119176137
2787 3.039414119176137
10265 2.1943160791618803
11928 3.039414119176137
10251 3.039414119176137
3268 3.039414119176137
9526 2.5622928644564746
7194 3.039414119176137
2335 3.039414119176137
11895 3.039414119176137
1352 3.039414119176137
7149 3.039414119176137
4541 3.039414119176137
330 3.039414119176137
3117 3.039414119176137
1185 2.4373541278481747
1092 3.039414119176137
150 3.039414119176137
2882 3.039414119176137
1906 3.039414119176137
8270 3.039414119176137
12124 3.039414119176137
8722 3.039414119176137
3598 2.738384123512156
4962 3.039414119176137
2350 3.039414119176137
11867 3.039414119176137
11205 3.039414119176137
35 3.039414119176137
11196 3.039414119176137
8662 3.039414119176137
3699 3.039414119176137
6169 3.039414119176137
3583 3.039414119176137
10954 3.039414119176137
2078 3.039414119176137
10741 3.039414119176137
9068 3.039414119176137
5737 3.039414119176137
7449 3.039414119176137
769 3.039414119176137
7804 3.039414119176137
2519 3.039414119176137
1239 3.039414119176137
1573 3.039414119176137
5781 3.039414119176137
2062 3.039414119176137
3701 3.039414119176137
11156 3.039414119176137
8873 3.039414119176137
9514 2.738384123512156
10565 3.039414119176137
11532 3.039414119176137
4800 2.738384123512156
9652 3.039414119176137
3618 3.039414119176137
367 1.8633228601204557
5996 3.039414119176137
3059 3.039414119176137
4034 3.039414119176137
2115 3.039414119176137
5153 3.039414119176137
3496 3.039414119176137
5361 2.5622928644564746
3662 3.039414119176137
11201 3.039414119176137
1391 3.039414119176137
2106 3.039414119176137
3283 3.039414119176137
2915 3.039414119176137
579 3.039414119176137
4047 3.039414119176137
4420 2.2612628687924934
10163 3.039414119176137
6991 2.738384123512156
4325 3.039414119176137
10436 3.039414119176137
9218 3.039414119176137
7379 3.039414119176137
3711 3.039414119176137
2275 3.039414119176137
8173 2.738384123512156
7835 3.039414119176137
1599 3.039414119176137
8156 3.039414119176137
9766 3.039414119176137
4843 3.039414119176137
2243 3.039414119176137
2807 3.039414119176137
2018 2.738384123512156
863 3.039414119176137
12197 1.9980214340179119
8771 3.039414119176137
1759 2.738384123512156
1791 3.039414119176137
2441 3.039414119176137
10575 3.039414119176137
7901 1.9602328731285121
8355 3.039414119176137
9799 3.039414119176137
1771 3.039414119176137
5339 3.039414119176137
3682 3.039414119176137
6090 2.738384123512156
3174 3.039414119176137
11288 3.039414119176137
10668 3.039414119176137
5434 2.738384123512156
4177 3.039414119176137
7502 3.039414119176137
11134 3.039414119176137
8602 3.039414119176137
8848 3.039414119176137
3848 3.039414119176137
4777 3.039414119176137
8915 3.039414119176137
6746 2.4373541278481747
12060 3.039414119176137
2869 3.039414119176137
872 3.039414119176137
10844 2.738384123512156
773 3.039414119176137
2076 3.039414119176137
6637 3.039414119176137
1348 3.039414119176137
9550 3.039414119176137
4635 6.078828238352274
5214 3.039414119176137
6223 2.5622928644564746
11407 3.039414119176137
175 3.039414119176137
8394 3.039414119176137
2255 3.039414119176137
1062 3.039414119176137
3842 3.039414119176137
8666 3.039414119176137
247 3.039414119176137
9721 3.039414119176137
6043 3.039414119176137
3071 3.039414119176137
3250 3.039414119176137
9998 3.039414119176137
8434 3.039414119176137
2216 3.039414119176137
12129 3.039414119176137
1686 3.039414119176137
70 3.039414119176137
10760 3.039414119176137
4263 3.039414119176137
10365 3.039414119176137
1512 3.039414119176137
5352 3.039414119176137
245 3.039414119176137
3433 3.039414119176137
2843 3.039414119176137
588 3.039414119176137
1446 3.039414119176137
5688 3.039414119176137
8383 3.039414119176137
5177 3.039414119176137
5264 3.039414119176137
5818 3.039414119176137
8117 3.039414119176137
5091 3.039414119176137
8307 3.039414119176137
770 3.039414119176137
6051 3.039414119176137
9534 3.039414119176137
8227 3.039414119176137
7140 2.738384123512156
11183 2.738384123512156
4521 2.738384123512156
7932 2.738384123512156
3322 3.039414119176137
4566 3.039414119176137
11677 3.039414119176137
4744 2.5622928644564746
6701 2.340444114840118
11770 3.039414119176137
8846 3.039414119176137
9844 3.039414119176137
9842 2.738384123512156
5776 3.039414119176137
2295 2.5622928644564746
12128 3.039414119176137
11874 3.039414119176137
5110 3.039414119176137
10454 3.039414119176137
1892 3.039414119176137
7531 3.039414119176137
7424 3.039414119176137
722 3.039414119176137
7066 3.039414119176137
8241 3.039414119176137
6180 2.5622928644564746
4308 2.2612628687924934
1443 3.039414119176137
4379 2.738384123512156
