286
t_index tf-idf 
4977 3.039414119176137
8274 1.1881557704570618
12105 3.039414119176137
3622 3.039414119176137
4420 2.2612628687924934
3636 3.039414119176137
4289 3.039414119176137
4267 3.039414119176137
11027 2.5622928644564746
959 3.039414119176137
4417 2.340444114840118
8016 3.039414119176137
9952 2.738384123512156
5673 2.340444114840118
6702 3.039414119176137
4984 3.039414119176137
6275 3.039414119176137
8276 2.5622928644564746
3342 2.340444114840118
8182 3.039414119176137
4422 3.039414119176137
9129 3.039414119176137
8734 3.039414119176137
2503 2.738384123512156
7934 3.039414119176137
10977 2.738384123512156
12192 2.2612628687924934
1558 3.039414119176137
1500 2.738384123512156
11932 2.5622928644564746
6920 2.1363241321841935
2145 3.039414119176137
6257 2.738384123512156
10228 3.039414119176137
1796 3.039414119176137
8104 2.738384123512156
10601 3.039414119176137
10922 3.039414119176137
1661 3.039414119176137
11943 2.5622928644564746
9582 3.039414119176137
3036 3.039414119176137
3435 3.039414119176137
103 2.738384123512156
5500 2.738384123512156
10182 3.039414119176137
2877 3.039414119176137
10272 3.039414119176137
2271 3.039414119176137
12160 3.039414119176137
9892 3.039414119176137
8931 3.039414119176137
10497 3.039414119176137
8584 3.039414119176137
6462 3.039414119176137
1719 3.039414119176137
7640 3.039414119176137
7222 1.9980214340179119
2143 3.039414119176137
2635 2.738384123512156
11241 2.340444114840118
10828 3.039414119176137
6434 3.039414119176137
4772 3.039414119176137
7538 3.039414119176137
9224 2.340444114840118
7168 3.039414119176137
9825 3.039414119176137
6835 3.039414119176137
10902 3.039414119176137
12085 3.039414119176137
5595 3.039414119176137
7701 3.039414119176137
4069 3.039414119176137
3409 3.039414119176137
2025 3.039414119176137
12144 3.039414119176137
9531 2.738384123512156
697 2.4373541278481747
6900 3.039414119176137
490 3.039414119176137
5819 3.039414119176137
11707 3.039414119176137
628 3.039414119176137
7437 3.039414119176137
6133 2.738384123512156
9050 2.340444114840118
197 3.039414119176137
9607 3.039414119176137
11251 3.039414119176137
5972 3.039414119176137
8786 3.039414119176137
6949 3.039414119176137
9605 3.039414119176137
2875 3.039414119176137
11127 3.039414119176137
6408 3.039414119176137
8364 3.039414119176137
159 3.039414119176137
9290 3.039414119176137
7460 3.039414119176137
4763 3.039414119176137
2920 2.738384123512156
839 3.039414119176137
532 3.039414119176137
9519 2.340444114840118
10265 2.1943160791618803
12087 3.039414119176137
10086 3.039414119176137
5408 3.039414119176137
1352 3.039414119176137
11641 3.039414119176137
10080 3.039414119176137
3966 3.039414119176137
8424 3.039414119176137
9564 2.340444114840118
3321 3.039414119176137
9809 3.039414119176137
6261 3.039414119176137
1706 3.039414119176137
12219 3.039414119176137
2608 3.039414119176137
2350 3.039414119176137
6253 3.039414119176137
2966 3.039414119176137
2642 3.039414119176137
5640 3.039414119176137
2355 3.039414119176137
1872 3.039414119176137
6615 3.039414119176137
1589 3.039414119176137
2734 2.5622928644564746
9126 3.039414119176137
9810 3.039414119176137
8900 2.039414119176137
5084 3.039414119176137
5535 3.039414119176137
2348 3.039414119176137
9714 3.039414119176137
446 3.039414119176137
4415 3.039414119176137
6340 3.039414119176137
605 3.039414119176137
7089 3.039414119176137
6740 3.039414119176137
5549 3.039414119176137
1530 2.4373541278481747
7905 3.039414119176137
5781 3.039414119176137
11139 3.039414119176137
11146 3.039414119176137
3748 3.039414119176137
5731 3.039414119176137
5803 3.039414119176137
10296 3.039414119176137
9870 3.039414119176137
9471 3.039414119176137
7044 3.039414119176137
8536 3.039414119176137
2219 2.738384123512156
9136 3.039414119176137
9283 3.039414119176137
5951 3.039414119176137
5528 3.039414119176137
8873 3.039414119176137
6181 3.039414119176137
4987 3.039414119176137
3618 3.039414119176137
2632 3.039414119176137
6007 3.039414119176137
2633 2.2612628687924934
7307 3.039414119176137
5987 3.039414119176137
1935 2.4373541278481747
6014 3.039414119176137
2195 3.039414119176137
7270 2.4373541278481747
9500 3.039414119176137
5493 3.039414119176137
11020 3.039414119176137
11217 3.039414119176137
5030 3.039414119176137
11065 3.039414119176137
1795 3.039414119176137
2400 3.039414119176137
1615 3.039414119176137
7359 3.039414119176137
4970 3.039414119176137
8049 3.039414119176137
8574 3.039414119176137
3993 3.039414119176137
1693 3.039414119176137
10163 3.039414119176137
579 3.039414119176137
157 3.039414119176137
743 3.039414119176137
12265 3.039414119176137
7423 3.039414119176137
949 3.039414119176137
10997 3.039414119176137
1599 3.039414119176137
11813 2.738384123512156
11596 3.039414119176137
11595 3.039414119176137
10076 3.039414119176137
7369 3.039414119176137
9501 3.039414119176137
9419 3.039414119176137
10804 6.078828238352274
811 3.039414119176137
6132 3.039414119176137
10599 3.039414119176137
9788 3.039414119176137
7039 3.039414119176137
8894 3.039414119176137
7299 3.039414119176137
8126 3.039414119176137
3517 3.039414119176137
4588 3.039414119176137
2547 3.039414119176137
6693 3.039414119176137
246 3.039414119176137
9898 3.039414119176137
9830 3.039414119176137
7243 3.039414119176137
3413 3.039414119176137
9184 3.039414119176137
5594 2.738384123512156
8174 3.039414119176137
3421 3.039414119176137
2621 3.039414119176137
3306 3.039414119176137
8000 3.039414119176137
4989 3.039414119176137
12032 3.039414119176137
2050 3.039414119176137
1831 2.738384123512156
6409 3.039414119176137
7785 3.039414119176137
7216 3.039414119176137
3985 3.039414119176137
3889 3.039414119176137
10697 3.039414119176137
11256 3.039414119176137
2847 3.039414119176137
6120 3.039414119176137
8840 2.5622928644564746
6223 2.5622928644564746
10112 2.738384123512156
3842 3.039414119176137
10538 3.039414119176137
6864 3.039414119176137
9563 3.039414119176137
10212 2.738384123512156
8841 3.039414119176137
8978 3.039414119176137
2396 3.039414119176137
3269 3.039414119176137
3658 3.039414119176137
6840 2.1943160791618803
1153 3.039414119176137
12017 2.5622928644564746
3655 2.2612628687924934
10055 2.738384123512156
7794 3.039414119176137
3733 2.738384123512156
4922 3.039414119176137
10594 2.738384123512156
11961 3.039414119176137
7140 2.738384123512156
2996 3.039414119176137
1519 2.738384123512156
5118 3.039414119176137
6185 3.039414119176137
3289 3.039414119176137
5776 3.039414119176137
2624 3.039414119176137
9794 3.039414119176137
2238 3.039414119176137
7362 3.039414119176137
3419 3.039414119176137
5447 3.039414119176137
2606 2.4373541278481747
5398 2.340444114840118
4308 2.2612628687924934
4379 2.738384123512156
