257
t_index tf-idf 
4977 3.039414119176137
5581 3.039414119176137
1948 2.5622928644564746
7511 2.738384123512156
2314 3.039414119176137
10310 3.039414119176137
3560 2.738384123512156
8274 1.1881557704570618
10626 3.039414119176137
4022 3.039414119176137
12151 3.039414119176137
8907 3.039414119176137
8040 3.039414119176137
11433 3.039414119176137
5400 3.039414119176137
4289 3.039414119176137
3636 3.039414119176137
10696 2.738384123512156
5673 2.340444114840118
663 2.5622928644564746
10941 3.039414119176137
9289 3.039414119176137
7171 2.5622928644564746
7378 3.039414119176137
1657 3.039414119176137
1903 3.039414119176137
6408 3.039414119176137
3342 2.340444114840118
23 3.039414119176137
10571 3.039414119176137
7860 3.039414119176137
12192 2.2612628687924934
1500 2.738384123512156
6920 2.1363241321841935
10593 3.039414119176137
8507 2.738384123512156
8201 2.2612628687924934
1525 3.039414119176137
2876 3.039414119176137
11436 2.1363241321841935
11245 3.039414119176137
7405 3.039414119176137
6759 3.039414119176137
3284 3.039414119176137
12108 3.039414119176137
3612 3.039414119176137
12132 3.039414119176137
2658 3.039414119176137
9582 3.039414119176137
754 3.039414119176137
11864 3.039414119176137
10526 3.039414119176137
6229 2.738384123512156
7073 3.039414119176137
10272 3.039414119176137
11113 3.039414119176137
6040 2.738384123512156
8759 3.039414119176137
9219 3.039414119176137
7539 3.039414119176137
8584 3.039414119176137
8300 3.039414119176137
847 3.039414119176137
6030 3.039414119176137
3041 3.039414119176137
1878 3.039414119176137
7222 1.9980214340179119
8119 2.738384123512156
1002 3.039414119176137
10544 3.039414119176137
478 2.340444114840118
9224 2.340444114840118
5156 3.039414119176137
5311 3.039414119176137
7168 3.039414119176137
8296 3.039414119176137
9182 3.039414119176137
2432 2.738384123512156
711 3.039414119176137
4114 3.039414119176137
7574 3.039414119176137
2256 2.738384123512156
9531 2.738384123512156
4212 3.039414119176137
10566 3.039414119176137
11199 2.738384123512156
6900 3.039414119176137
5819 3.039414119176137
562 2.340444114840118
481 3.039414119176137
2457 3.039414119176137
8345 3.039414119176137
9914 3.039414119176137
3074 3.039414119176137
1978 3.039414119176137
9290 3.039414119176137
4775 3.039414119176137
4793 3.039414119176137
839 3.039414119176137
8367 3.039414119176137
10265 2.1943160791618803
7508 3.039414119176137
9526 2.5622928644564746
7194 3.039414119176137
1352 3.039414119176137
6345 3.039414119176137
10030 2.1363241321841935
3715 3.039414119176137
6541 3.039414119176137
8149 2.5622928644564746
5674 3.039414119176137
2656 3.039414119176137
2350 3.039414119176137
11867 3.039414119176137
1764 3.039414119176137
9436 3.039414119176137
5470 1.9602328731285121
2544 2.1943160791618803
10405 3.039414119176137
10962 3.039414119176137
5836 3.039414119176137
927 3.039414119176137
6381 2.340444114840118
273 3.039414119176137
1872 3.039414119176137
5665 2.738384123512156
3154 3.039414119176137
7568 3.039414119176137
2734 2.5622928644564746
10954 3.039414119176137
6001 3.039414119176137
9600 3.039414119176137
8904 3.039414119176137
4275 3.039414119176137
8900 2.039414119176137
2334 3.039414119176137
8424 3.039414119176137
9590 3.039414119176137
4811 3.039414119176137
9777 3.039414119176137
1530 2.4373541278481747
7905 3.039414119176137
2436 3.039414119176137
11812 3.039414119176137
620 3.039414119176137
189 3.039414119176137
9102 3.039414119176137
4546 3.039414119176137
3779 3.039414119176137
1254 3.039414119176137
5528 3.039414119176137
7543 3.039414119176137
2219 2.738384123512156
2359 2.4373541278481747
11949 3.039414119176137
4175 3.039414119176137
7768 3.039414119176137
5471 3.039414119176137
3656 3.039414119176137
2647 3.039414119176137
2354 3.039414119176137
4876 3.039414119176137
1562 3.039414119176137
7438 2.4373541278481747
5844 3.039414119176137
4034 3.039414119176137
12061 3.039414119176137
7811 2.738384123512156
3695 2.738384123512156
373 3.039414119176137
8951 2.738384123512156
11201 3.039414119176137
7070 3.039414119176137
1615 3.039414119176137
896 2.738384123512156
5984 2.738384123512156
4420 2.2612628687924934
959 3.039414119176137
8511 3.039414119176137
1791 3.039414119176137
4286 3.039414119176137
9218 3.039414119176137
8786 3.039414119176137
2098 3.039414119176137
3008 3.039414119176137
11813 2.738384123512156
10107 3.039414119176137
7314 3.039414119176137
3173 3.039414119176137
2856 3.039414119176137
8655 3.039414119176137
7859 3.039414119176137
811 3.039414119176137
8271 3.039414119176137
863 3.039414119176137
8126 3.039414119176137
6249 3.039414119176137
12034 2.738384123512156
11449 3.039414119176137
7334 3.039414119176137
3613 2.738384123512156
11437 3.039414119176137
3475 3.039414119176137
11169 3.039414119176137
966 3.039414119176137
3310 3.039414119176137
11550 3.039414119176137
10945 3.039414119176137
7260 3.039414119176137
12241 3.039414119176137
5196 3.039414119176137
781 3.039414119176137
1152 3.039414119176137
277 3.039414119176137
10171 2.5622928644564746
8004 3.039414119176137
7134 3.039414119176137
3512 3.039414119176137
310 3.039414119176137
7785 3.039414119176137
6746 2.4373541278481747
2001 3.039414119176137
11882 3.039414119176137
3852 3.039414119176137
1994 3.039414119176137
8840 2.5622928644564746
193 3.039414119176137
2255 3.039414119176137
6127 3.039414119176137
12042 3.039414119176137
10518 3.039414119176137
4144 3.039414119176137
8892 2.5622928644564746
1512 3.039414119176137
10438 3.039414119176137
5316 3.039414119176137
7510 3.039414119176137
8362 3.039414119176137
1253 3.039414119176137
9534 3.039414119176137
11967 2.738384123512156
7140 2.738384123512156
12011 3.039414119176137
1519 2.738384123512156
3549 2.738384123512156
10296 3.039414119176137
3042 3.039414119176137
4744 2.5622928644564746
1879 3.039414119176137
8919 2.738384123512156
3856 3.039414119176137
11953 2.340444114840118
6370 2.5622928644564746
5975 3.039414119176137
7783 2.738384123512156
3252 2.5622928644564746
10226 3.039414119176137
