274
t_index tf-idf 
5581 3.039414119176137
6151 3.039414119176137
3697 3.039414119176137
9048 3.039414119176137
12230 1.8633228601204557
7511 2.738384123512156
4022 3.039414119176137
1948 2.5622928644564746
8274 1.1881557704570618
9935 1.9602328731285121
6762 2.5622928644564746
12105 3.039414119176137
11968 2.738384123512156
2279 3.039414119176137
955 2.738384123512156
10023 3.039414119176137
8040 3.039414119176137
8262 3.039414119176137
5406 3.039414119176137
10421 2.738384123512156
10067 3.039414119176137
959 3.039414119176137
2056 3.039414119176137
663 2.5622928644564746
7143 3.039414119176137
10368 3.039414119176137
11941 3.039414119176137
7378 3.039414119176137
3342 2.340444114840118
7902 2.4373541278481747
355 3.039414119176137
2075 3.039414119176137
12192 2.2612628687924934
5022 3.039414119176137
10923 2.738384123512156
50 3.039414119176137
1500 2.738384123512156
7337 3.039414119176137
8397 3.039414119176137
3072 3.039414119176137
8201 2.2612628687924934
8371 3.039414119176137
8784 2.738384123512156
2545 3.039414119176137
10228 3.039414119176137
11436 2.1363241321841935
1975 3.039414119176137
12108 3.039414119176137
11943 2.5622928644564746
3344 3.039414119176137
11569 2.738384123512156
3771 3.039414119176137
3574 2.738384123512156
11813 2.738384123512156
11649 3.039414119176137
11209 3.039414119176137
5218 3.039414119176137
8858 3.039414119176137
6040 2.738384123512156
8924 3.039414119176137
6992 3.039414119176137
4762 3.039414119176137
7539 3.039414119176137
8584 3.039414119176137
6141 3.039414119176137
3385 3.039414119176137
557 2.738384123512156
6030 3.039414119176137
1878 3.039414119176137
2991 3.039414119176137
7222 1.9980214340179119
7573 2.340444114840118
10544 3.039414119176137
85 3.039414119176137
9224 2.340444114840118
8047 3.039414119176137
6525 2.5622928644564746
11164 3.039414119176137
3739 3.039414119176137
8711 3.039414119176137
1563 3.039414119176137
2256 2.738384123512156
1123 3.039414119176137
11707 3.039414119176137
8465 3.039414119176137
8776 3.039414119176137
9607 3.039414119176137
12229 2.4373541278481747
481 3.039414119176137
8928 3.039414119176137
11749 3.039414119176137
2893 3.039414119176137
8403 3.039414119176137
11130 3.039414119176137
2030 3.039414119176137
11054 3.039414119176137
9290 3.039414119176137
6777 3.039414119176137
10078 3.039414119176137
11798 2.4373541278481747
5856 3.039414119176137
8411 3.039414119176137
2067 3.039414119176137
3643 3.039414119176137
532 3.039414119176137
10265 2.1943160791618803
10086 3.039414119176137
10371 3.039414119176137
1352 3.039414119176137
9613 3.039414119176137
9815 3.039414119176137
10030 2.1363241321841935
1706 3.039414119176137
1906 3.039414119176137
2126 3.039414119176137
9581 3.039414119176137
2656 3.039414119176137
2350 3.039414119176137
8528 3.039414119176137
2544 2.1943160791618803
11196 3.039414119176137
10453 3.039414119176137
10077 3.039414119176137
10405 3.039414119176137
6381 2.340444114840118
1122 3.039414119176137
1872 3.039414119176137
11096 3.039414119176137
11084 3.039414119176137
1976 3.039414119176137
9090 3.039414119176137
10259 3.039414119176137
2062 3.039414119176137
5831 3.039414119176137
6740 3.039414119176137
1530 2.4373541278481747
1883 3.039414119176137
11812 3.039414119176137
1004 3.039414119176137
201 3.039414119176137
3462 3.039414119176137
4106 3.039414119176137
3343 3.039414119176137
1254 3.039414119176137
10565 3.039414119176137
8951 2.738384123512156
10424 3.039414119176137
8536 3.039414119176137
480 3.039414119176137
2219 2.738384123512156
2359 2.4373541278481747
5600 3.039414119176137
4800 2.738384123512156
3176 3.039414119176137
7874 3.039414119176137
1894 3.039414119176137
319 3.039414119176137
5996 3.039414119176137
11198 3.039414119176137
447 3.039414119176137
2115 3.039414119176137
8239 3.039414119176137
10300 3.039414119176137
7169 3.039414119176137
7599 3.039414119176137
10087 3.039414119176137
10423 3.039414119176137
6667 3.039414119176137
9612 3.039414119176137
2446 3.039414119176137
8352 3.039414119176137
10791 3.039414119176137
7412 3.039414119176137
5107 3.039414119176137
11217 3.039414119176137
1531 3.039414119176137
11673 3.039414119176137
5268 3.039414119176137
4404 3.039414119176137
6539 3.039414119176137
6590 2.738384123512156
2106 3.039414119176137
2678 3.039414119176137
2961 3.039414119176137
11610 3.039414119176137
8768 3.039414119176137
1043 3.039414119176137
4420 2.2612628687924934
8306 3.039414119176137
8012 3.039414119176137
8114 2.2612628687924934
4088 3.039414119176137
11800 3.039414119176137
3299 3.039414119176137
10641 3.039414119176137
7396 3.039414119176137
3297 3.039414119176137
1599 3.039414119176137
11857 3.039414119176137
7379 3.039414119176137
8292 3.039414119176137
5912 3.039414119176137
7351 3.039414119176137
8388 3.039414119176137
7637 3.039414119176137
9419 3.039414119176137
8175 3.039414119176137
7326 3.039414119176137
2285 3.039414119176137
9094 3.039414119176137
8427 3.039414119176137
3407 3.039414119176137
5834 3.039414119176137
4239 3.039414119176137
2230 3.039414119176137
6938 3.039414119176137
2441 3.039414119176137
3801 3.039414119176137
9752 3.039414119176137
8271 3.039414119176137
7566 6.078828238352274
630 3.039414119176137
3174 3.039414119176137
8174 3.039414119176137
1367 3.039414119176137
5849 3.039414119176137
578 3.039414119176137
1286 3.039414119176137
7785 3.039414119176137
6272 3.039414119176137
5374 3.039414119176137
10951 2.4373541278481747
11882 3.039414119176137
6428 3.039414119176137
6785 3.039414119176137
7114 3.039414119176137
2255 3.039414119176137
12042 3.039414119176137
6597 3.039414119176137
8892 2.5622928644564746
11043 2.738384123512156
3861 2.039414119176137
2725 3.039414119176137
77 3.039414119176137
1512 3.039414119176137
2745 3.039414119176137
8407 3.039414119176137
3137 3.039414119176137
8117 3.039414119176137
5987 3.039414119176137
4922 3.039414119176137
8207 3.039414119176137
11967 2.738384123512156
11961 3.039414119176137
7140 2.738384123512156
1519 2.738384123512156
441 2.738384123512156
454 3.039414119176137
10117 2.5622928644564746
105 2.5622928644564746
3313 3.039414119176137
3253 3.039414119176137
10268 3.039414119176137
8919 2.738384123512156
3999 2.4373541278481747
104 3.039414119176137
6961 2.085171609736812
234 3.039414119176137
6370 2.5622928644564746
5975 3.039414119176137
10929 3.039414119176137
5447 3.039414119176137
7531 3.039414119176137
7145 3.039414119176137
