368
t_index tf-idf 
11898 3.039414119176137
12230 1.8633228601204557
7511 2.738384123512156
10310 3.039414119176137
8274 1.1881557704570618
9935 1.9602328731285121
6762 2.5622928644564746
12105 3.039414119176137
955 2.738384123512156
9587 2.738384123512156
4289 3.039414119176137
10421 2.738384123512156
9091 3.039414119176137
5673 2.340444114840118
2056 3.039414119176137
9289 3.039414119176137
939 2.5622928644564746
10355 3.039414119176137
3342 2.340444114840118
7902 2.4373541278481747
3093 3.039414119176137
69 3.039414119176137
11705 3.039414119176137
10977 2.738384123512156
12192 2.2612628687924934
5022 3.039414119176137
9586 3.039414119176137
1500 2.738384123512156
8397 3.039414119176137
8201 2.2612628687924934
2162 3.039414119176137
8784 2.738384123512156
8104 2.738384123512156
1975 3.039414119176137
4767 3.039414119176137
12108 3.039414119176137
3344 3.039414119176137
3435 3.039414119176137
12121 2.738384123512156
6382 3.039414119176137
11209 3.039414119176137
9570 3.039414119176137
10182 3.039414119176137
12103 2.5622928644564746
5218 3.039414119176137
8553 3.039414119176137
6040 2.738384123512156
11845 3.039414119176137
7539 3.039414119176137
8584 3.039414119176137
6030 3.039414119176137
4943 2.5622928644564746
7222 1.9980214340179119
11241 2.340444114840118
10544 3.039414119176137
8047 3.039414119176137
9182 3.039414119176137
12085 3.039414119176137
7606 3.039414119176137
1563 3.039414119176137
10566 3.039414119176137
2681 2.340444114840118
11707 3.039414119176137
8465 3.039414119176137
7437 3.039414119176137
12229 2.4373541278481747
562 2.340444114840118
9720 3.039414119176137
2457 3.039414119176137
10903 3.039414119176137
11921 3.039414119176137
2875 3.039414119176137
9290 3.039414119176137
11798 2.4373541278481747
5856 3.039414119176137
7192 3.039414119176137
110 3.039414119176137
4523 3.039414119176137
9229 3.039414119176137
9581 3.039414119176137
11814 3.039414119176137
2350 3.039414119176137
11867 3.039414119176137
2544 2.1943160791618803
9436 3.039414119176137
10453 3.039414119176137
6381 2.340444114840118
1122 3.039414119176137
11096 3.039414119176137
2734 2.5622928644564746
2519 3.039414119176137
6786 3.039414119176137
2062 3.039414119176137
5831 3.039414119176137
6740 3.039414119176137
11812 3.039414119176137
9514 2.738384123512156
8951 2.738384123512156
480 3.039414119176137
4800 2.738384123512156
10707 3.039414119176137
4127 3.039414119176137
1313 3.039414119176137
10791 3.039414119176137
2678 3.039414119176137
579 3.039414119176137
4420 2.2612628687924934
8114 2.2612628687924934
3711 3.039414119176137
614 3.039414119176137
8289 3.039414119176137
9588 2.340444114840118
8711 3.039414119176137
5006 3.039414119176137
6090 2.738384123512156
4912 2.738384123512156
3421 3.039414119176137
5849 3.039414119176137
1286 3.039414119176137
4139 3.039414119176137
11765 3.039414119176137
11882 3.039414119176137
8840 2.5622928644564746
6223 2.5622928644564746
2725 3.039414119176137
10365 3.039414119176137
3658 3.039414119176137
3733 2.738384123512156
8340 3.039414119176137
4754 3.039414119176137
10795 3.039414119176137
7140 2.738384123512156
1519 2.738384123512156
8124 3.039414119176137
4744 2.5622928644564746
8042 3.039414119176137
3253 3.039414119176137
9770 3.039414119176137
3570 3.039414119176137
104 3.039414119176137
10929 3.039414119176137
7531 3.039414119176137
7145 3.039414119176137
3252 2.5622928644564746
10226 3.039414119176137
4379 2.738384123512156
3871 3.039414119176137
613 3.039414119176137
10696 2.738384123512156
5325 3.039414119176137
10286 3.039414119176137
12155 3.039414119176137
8287 3.039414119176137
2876 3.039414119176137
4668 2.738384123512156
9855 3.039414119176137
2654 2.738384123512156
8924 3.039414119176137
6992 3.039414119176137
10363 3.039414119176137
2153 3.039414119176137
711 3.039414119176137
4173 3.039414119176137
8776 3.039414119176137
9050 2.340444114840118
9069 3.039414119176137
2918 3.039414119176137
10161 3.039414119176137
10086 3.039414119176137
9613 3.039414119176137
1910 3.039414119176137
726 3.039414119176137
1764 3.039414119176137
1470 3.039414119176137
4259 3.039414119176137
1310 3.039414119176137
1551 2.738384123512156
7608 3.039414119176137
1872 3.039414119176137
11084 3.039414119176137
11854 3.039414119176137
10259 3.039414119176137
1679 3.039414119176137
1883 3.039414119176137
6775 3.039414119176137
9870 3.039414119176137
10424 3.039414119176137
4759 3.039414119176137
5242 3.039414119176137
5987 3.039414119176137
7270 2.4373541278481747
11020 3.039414119176137
1795 3.039414119176137
1391 3.039414119176137
3013 3.039414119176137
2441 3.039414119176137
9799 3.039414119176137
3428 3.039414119176137
5196 3.039414119176137
7142 3.039414119176137
6409 3.039414119176137
11129 2.738384123512156
6230 3.039414119176137
1512 3.039414119176137
8817 2.738384123512156
1340 3.039414119176137
11947 3.039414119176137
1442 3.039414119176137
9753 3.039414119176137
937 3.039414119176137
2075 3.039414119176137
11903 2.738384123512156
9575 3.039414119176137
7335 3.039414119176137
85 3.039414119176137
3739 3.039414119176137
4069 3.039414119176137
6949 3.039414119176137
6777 3.039414119176137
1873 3.039414119176137
1185 2.4373541278481747
1092 3.039414119176137
5640 3.039414119176137
8057 3.039414119176137
3059 3.039414119176137
2633 2.2612628687924934
3695 2.738384123512156
11217 3.039414119176137
10500 3.039414119176137
6991 2.738384123512156
4286 3.039414119176137
7175 3.039414119176137
7849 3.039414119176137
9060 3.039414119176137
893 3.039414119176137
1722 3.039414119176137
2284 3.039414119176137
1367 3.039414119176137
578 3.039414119176137
10951 2.4373541278481747
916 3.039414119176137
11886 3.039414119176137
5118 3.039414119176137
2280 3.039414119176137
6185 3.039414119176137
5447 3.039414119176137
3149 3.039414119176137
7331 3.039414119176137
3697 3.039414119176137
4267 3.039414119176137
11941 3.039414119176137
1351 3.039414119176137
898 3.039414119176137
4929 3.039414119176137
944 3.039414119176137
6593 3.039414119176137
6836 2.738384123512156
7487 3.039414119176137
10080 3.039414119176137
10030 2.1363241321841935
6253 3.039414119176137
10127 3.039414119176137
7419 3.039414119176137
447 3.039414119176137
7169 3.039414119176137
7566 3.039414119176137
4505 3.039414119176137
5357 3.039414119176137
8116 3.039414119176137
10646 3.039414119176137
4624 3.039414119176137
5181 3.039414119176137
7534 6.078828238352274
8196 3.039414119176137
3788 3.039414119176137
10938 3.039414119176137
4724 3.039414119176137
9767 9.11824235752841
1950 3.039414119176137
8323 3.039414119176137
9066 3.039414119176137
11794 2.340444114840118
8303 3.039414119176137
10373 2.738384123512156
12091 3.039414119176137
3722 6.078828238352274
10106 3.039414119176137
10319 3.039414119176137
10501 3.039414119176137
8446 3.039414119176137
8848 3.039414119176137
8080 3.039414119176137
2308 3.039414119176137
3145 3.039414119176137
6686 12.157656476704547
9659 3.039414119176137
4822 3.039414119176137
1080 3.039414119176137
9396 3.039414119176137
3985 3.039414119176137
9912 3.039414119176137
9296 3.039414119176137
5023 3.039414119176137
12060 6.078828238352274
343 3.039414119176137
1517 3.039414119176137
11426 3.039414119176137
4278 3.039414119176137
4799 3.039414119176137
3144 3.039414119176137
2076 3.039414119176137
6022 6.078828238352274
3070 3.039414119176137
2450 3.039414119176137
3842 6.078828238352274
10402 3.039414119176137
193 3.039414119176137
11820 2.738384123512156
7401 3.039414119176137
6697 9.11824235752841
4144 3.039414119176137
10518 3.039414119176137
11417 3.039414119176137
7825 3.039414119176137
12217 3.039414119176137
8115 3.039414119176137
8515 3.039414119176137
6664 3.039414119176137
9946 3.039414119176137
4298 3.039414119176137
9768 3.039414119176137
11617 3.039414119176137
10578 3.039414119176137
9695 3.039414119176137
484 3.039414119176137
1888 3.039414119176137
9765 3.039414119176137
6929 3.039414119176137
3625 3.039414119176137
6114 3.039414119176137
9937 3.039414119176137
7094 3.039414119176137
9209 3.039414119176137
6491 3.039414119176137
10640 3.039414119176137
287 3.039414119176137
7279 3.039414119176137
4552 3.039414119176137
3735 6.078828238352274
695 3.039414119176137
5025 3.039414119176137
5832 3.039414119176137
1077 3.039414119176137
3998 3.039414119176137
12152 3.039414119176137
1314 3.039414119176137
3061 3.039414119176137
2317 3.039414119176137
3785 3.039414119176137
7360 6.078828238352274
380 3.039414119176137
1495 3.039414119176137
11841 3.039414119176137
675 3.039414119176137
3278 3.039414119176137
11535 3.039414119176137
6735 3.039414119176137
1395 3.039414119176137
