392
t_index tf-idf 
4977 3.039414119176137
1948 2.5622928644564746
12230 1.8633228601204557
7511 2.738384123512156
4022 3.039414119176137
8274 1.1881557704570618
9935 1.9602328731285121
6762 2.5622928644564746
12105 3.039414119176137
4289 3.039414119176137
9289 3.039414119176137
8276 2.5622928644564746
3342 2.340444114840118
7902 2.4373541278481747
69 3.039414119176137
23 3.039414119176137
12133 2.738384123512156
12192 2.2612628687924934
10923 2.738384123512156
11322 3.039414119176137
1500 2.738384123512156
5532 3.039414119176137
8201 2.2612628687924934
11050 3.039414119176137
11245 3.039414119176137
4645 3.039414119176137
4539 3.039414119176137
6382 3.039414119176137
11209 3.039414119176137
9570 3.039414119176137
10182 3.039414119176137
5218 3.039414119176137
7539 3.039414119176137
6030 3.039414119176137
10515 3.039414119176137
1878 3.039414119176137
7222 1.9980214340179119
11241 2.340444114840118
8119 2.738384123512156
10544 3.039414119176137
9224 2.340444114840118
5311 3.039414119176137
4114 3.039414119176137
759 3.039414119176137
9077 3.039414119176137
11008 2.4373541278481747
2740 3.039414119176137
10566 3.039414119176137
4071 3.039414119176137
8465 3.039414119176137
7437 3.039414119176137
6133 2.738384123512156
481 3.039414119176137
10765 3.039414119176137
4199 3.039414119176137
9424 3.039414119176137
2457 3.039414119176137
3526 3.039414119176137
1821 3.039414119176137
11838 3.039414119176137
2875 3.039414119176137
7460 3.039414119176137
326 3.039414119176137
9290 3.039414119176137
12058 3.039414119176137
8171 3.039414119176137
4793 3.039414119176137
2787 3.039414119176137
9519 2.340444114840118
10265 2.1943160791618803
110 3.039414119176137
2800 2.340444114840118
7861 3.039414119176137
2758 3.039414119176137
8149 2.5622928644564746
2350 3.039414119176137
11867 3.039414119176137
2544 2.1943160791618803
9821 3.039414119176137
10405 3.039414119176137
9746 3.039414119176137
6381 2.340444114840118
1122 3.039414119176137
11983 3.039414119176137
2734 2.5622928644564746
3935 3.039414119176137
7905 3.039414119176137
11812 3.039414119176137
2072 2.738384123512156
3343 3.039414119176137
1254 3.039414119176137
8951 2.738384123512156
2359 2.4373541278481747
8813 3.039414119176137
4800 2.738384123512156
3007 2.5622928644564746
10649 3.039414119176137
10707 3.039414119176137
4318 3.039414119176137
7438 2.4373541278481747
4034 3.039414119176137
6785 3.039414119176137
12083 3.039414119176137
77 3.039414119176137
420 3.039414119176137
7674 3.039414119176137
5153 3.039414119176137
5361 2.5622928644564746
5030 3.039414119176137
1615 3.039414119176137
4420 2.2612628687924934
8511 3.039414119176137
1849 3.039414119176137
4912 2.738384123512156
1675 3.039414119176137
4139 3.039414119176137
3426 3.039414119176137
8999 3.039414119176137
10013 3.039414119176137
7785 3.039414119176137
6607 3.039414119176137
6746 2.4373541278481747
3850 2.738384123512156
3852 3.039414119176137
11101 3.039414119176137
5823 3.039414119176137
438 3.039414119176137
8840 2.5622928644564746
8302 2.738384123512156
2255 3.039414119176137
6127 3.039414119176137
12042 3.039414119176137
12166 3.039414119176137
8892 2.5622928644564746
7718 3.039414119176137
11043 2.738384123512156
30 3.039414119176137
10365 3.039414119176137
9838 3.039414119176137
11094 3.039414119176137
10792 2.738384123512156
11024 3.039414119176137
11967 2.738384123512156
4053 3.039414119176137
10795 3.039414119176137
7140 2.738384123512156
441 2.738384123512156
4897 3.039414119176137
3042 3.039414119176137
8361 3.039414119176137
8832 3.039414119176137
5467 3.039414119176137
4744 2.5622928644564746
3800 3.039414119176137
4972 3.039414119176137
1175 3.039414119176137
3550 3.039414119176137
3253 3.039414119176137
7664 3.039414119176137
9770 3.039414119176137
3999 2.4373541278481747
3856 3.039414119176137
11564 3.039414119176137
234 3.039414119176137
6370 2.5622928644564746
5975 3.039414119176137
8772 3.039414119176137
1835 3.039414119176137
3252 2.5622928644564746
4379 2.738384123512156
6126 3.039414119176137
11433 3.039414119176137
663 2.5622928644564746
2503 2.738384123512156
8694 3.039414119176137
10931 3.039414119176137
1537 3.039414119176137
7183 3.039414119176137
6586 3.039414119176137
10228 3.039414119176137
11436 2.1363241321841935
6759 3.039414119176137
3612 3.039414119176137
754 3.039414119176137
10633 3.039414119176137
10341 3.039414119176137
10828 3.039414119176137
5958 3.039414119176137
3661 3.039414119176137
697 2.4373541278481747
5307 3.039414119176137
5819 3.039414119176137
3653 3.039414119176137
11749 3.039414119176137
2622 3.039414119176137
5121 3.039414119176137
839 3.039414119176137
2920 2.738384123512156
10161 3.039414119176137
10086 3.039414119176137
9526 2.5622928644564746
7194 3.039414119176137
2499 3.039414119176137
9876 3.039414119176137
3715 3.039414119176137
726 3.039414119176137
2882 3.039414119176137
1906 3.039414119176137
4287 3.039414119176137
7608 3.039414119176137
1872 3.039414119176137
7804 3.039414119176137
11156 3.039414119176137
6324 3.039414119176137
4092 3.039414119176137
7270 2.4373541278481747
454 3.039414119176137
8451 3.039414119176137
11020 3.039414119176137
10163 3.039414119176137
6665 3.039414119176137
1599 3.039414119176137
7669 3.039414119176137
10942 3.039414119176137
6973 3.039414119176137
3138 3.039414119176137
6888 3.039414119176137
1992 3.039414119176137
8805 3.039414119176137
4843 3.039414119176137
11462 3.039414119176137
11664 3.039414119176137
10181 3.039414119176137
1896 3.039414119176137
4776 3.039414119176137
9975 3.039414119176137
11128 3.039414119176137
12189 6.078828238352274
7726 3.039414119176137
9547 3.039414119176137
10863 3.039414119176137
6559 3.039414119176137
471 2.738384123512156
4377 3.039414119176137
3683 3.039414119176137
11012 3.039414119176137
2969 3.039414119176137
5197 3.039414119176137
8202 3.039414119176137
445 3.039414119176137
3415 3.039414119176137
12167 3.039414119176137
1911 3.039414119176137
2643 2.738384123512156
2621 3.039414119176137
2782 3.039414119176137
5196 3.039414119176137
5434 2.738384123512156
2339 3.039414119176137
6409 3.039414119176137
10697 3.039414119176137
2869 3.039414119176137
8215 3.039414119176137
4840 2.738384123512156
5308 3.039414119176137
3861 2.039414119176137
6230 3.039414119176137
3129 3.039414119176137
1512 3.039414119176137
6872 3.039414119176137
1340 3.039414119176137
8117 3.039414119176137
6060 3.039414119176137
8833 3.039414119176137
12012 3.039414119176137
3549 2.738384123512156
4521 2.738384123512156
3628 3.039414119176137
3877 3.039414119176137
5776 3.039414119176137
5260 3.039414119176137
7066 3.039414119176137
115 3.039414119176137
937 3.039414119176137
7171 2.5622928644564746
8702 3.039414119176137
11636 3.039414119176137
2776 2.738384123512156
5112 3.039414119176137
6962 3.039414119176137
4184 3.039414119176137
11649 3.039414119176137
660 2.738384123512156
8759 3.039414119176137
557 2.738384123512156
3385 3.039414119176137
9800 3.039414119176137
5813 3.039414119176137
3739 3.039414119176137
8252 3.039414119176137
3104 3.039414119176137
6949 3.039414119176137
1978 3.039414119176137
8411 3.039414119176137
4763 3.039414119176137
11425 3.039414119176137
2656 3.039414119176137
8701 3.039414119176137
5836 3.039414119176137
927 3.039414119176137
10954 3.039414119176137
6001 3.039414119176137
4275 3.039414119176137
11532 3.039414119176137
9382 3.039414119176137
1894 3.039414119176137
2633 2.2612628687924934
10809 3.039414119176137
152 3.039414119176137
3695 2.738384123512156
7212 3.039414119176137
4286 3.039414119176137
9060 3.039414119176137
7334 3.039414119176137
11437 3.039414119176137
8174 3.039414119176137
2089 3.039414119176137
9953 3.039414119176137
358 3.039414119176137
7761 3.039414119176137
10951 2.4373541278481747
2847 3.039414119176137
4398 3.039414119176137
3137 3.039414119176137
10590 3.039414119176137
5118 3.039414119176137
9111 3.039414119176137
6185 3.039414119176137
8919 2.738384123512156
6647 3.039414119176137
5208 3.039414119176137
8613 3.039414119176137
355 3.039414119176137
7337 3.039414119176137
2042 3.039414119176137
3291 3.039414119176137
8717 3.039414119176137
5837 3.039414119176137
5080 3.039414119176137
1962 3.039414119176137
6046 3.039414119176137
141 3.039414119176137
7979 3.039414119176137
8752 3.039414119176137
5470 1.9602328731285121
7568 3.039414119176137
273 3.039414119176137
10741 3.039414119176137
303 3.039414119176137
2334 3.039414119176137
9545 3.039414119176137
4811 3.039414119176137
6635 2.340444114840118
189 3.039414119176137
9102 3.039414119176137
4546 3.039414119176137
6902 3.039414119176137
4175 3.039414119176137
2647 3.039414119176137
4876 3.039414119176137
11547 3.039414119176137
188 2.738384123512156
1038 2.738384123512156
447 3.039414119176137
9419 3.039414119176137
4624 3.039414119176137
5181 3.039414119176137
7534 3.039414119176137
11794 2.340444114840118
9396 3.039414119176137
193 3.039414119176137
10518 3.039414119176137
12217 3.039414119176137
8515 3.039414119176137
11528 3.039414119176137
380 3.039414119176137
3278 3.039414119176137
3019 3.039414119176137
3558 3.039414119176137
8148 3.039414119176137
9421 3.039414119176137
1528 3.039414119176137
