394
t_index tf-idf 
11996 2.085171609736812
4977 3.039414119176137
11898 3.039414119176137
4022 3.039414119176137
10310 3.039414119176137
8274 1.1881557704570618
8765 3.039414119176137
12105 3.039414119176137
5570 2.738384123512156
10137 3.039414119176137
4973 2.5622928644564746
5673 2.340444114840118
9289 3.039414119176137
8461 3.039414119176137
7902 2.4373541278481747
8868 3.039414119176137
10977 2.738384123512156
12192 2.2612628687924934
1500 2.738384123512156
6920 2.1363241321841935
8507 2.738384123512156
8201 2.2612628687924934
1981 3.039414119176137
11943 2.5622928644564746
9570 3.039414119176137
3645 3.039414119176137
8298 3.039414119176137
10446 3.039414119176137
8047 3.039414119176137
4947 3.039414119176137
12114 1.8352941365202122
5446 2.738384123512156
507 3.039414119176137
9386 3.039414119176137
236 3.039414119176137
6133 2.738384123512156
3896 3.039414119176137
10903 3.039414119176137
11838 3.039414119176137
7460 3.039414119176137
3182 3.039414119176137
9290 3.039414119176137
1101 2.738384123512156
3994 3.039414119176137
9566 3.039414119176137
7192 3.039414119176137
10265 2.1943160791618803
3081 3.039414119176137
6056 3.039414119176137
9882 3.039414119176137
9890 3.039414119176137
2350 3.039414119176137
11867 3.039414119176137
2544 2.1943160791618803
1475 3.039414119176137
6381 2.340444114840118
2151 3.039414119176137
4631 3.039414119176137
5084 3.039414119176137
6740 3.039414119176137
3789 2.5622928644564746
3463 3.039414119176137
4800 2.738384123512156
10707 3.039414119176137
367 1.8633228601204557
7438 2.4373541278481747
77 3.039414119176137
7674 3.039414119176137
6796 3.039414119176137
9500 3.039414119176137
10791 3.039414119176137
2157 3.039414119176137
959 3.039414119176137
8449 3.039414119176137
8173 2.738384123512156
2125 3.039414119176137
8843 2.738384123512156
510 3.039414119176137
2807 3.039414119176137
2018 2.738384123512156
119 2.5622928644564746
12197 1.9980214340179119
8937 3.039414119176137
1036 2.4373541278481747
5339 3.039414119176137
3174 3.039414119176137
4912 2.738384123512156
11894 2.1363241321841935
7502 3.039414119176137
203 3.039414119176137
4139 3.039414119176137
5317 3.039414119176137
3777 2.2612628687924934
10523 3.039414119176137
11765 3.039414119176137
8195 3.039414119176137
11980 3.039414119176137
2386 3.039414119176137
7576 3.039414119176137
6223 2.5622928644564746
9668 3.039414119176137
9310 3.039414119176137
8840 2.5622928644564746
7114 3.039414119176137
11035 3.039414119176137
10294 3.039414119176137
6127 3.039414119176137
2671 3.039414119176137
6157 3.039414119176137
3658 3.039414119176137
12066 3.039414119176137
3580 3.039414119176137
10055 2.738384123512156
770 3.039414119176137
11967 2.738384123512156
8368 3.039414119176137
12011 3.039414119176137
7555 3.039414119176137
5915 3.039414119176137
178 2.5622928644564746
441 2.738384123512156
10117 2.5622928644564746
8042 3.039414119176137
7824 3.039414119176137
2488 3.039414119176137
12198 1.9254707668693
10085 2.738384123512156
3143 3.039414119176137
9842 2.738384123512156
10268 3.039414119176137
11766 3.039414119176137
3164 2.5622928644564746
6370 2.5622928644564746
2606 2.4373541278481747
6180 2.5622928644564746
80 3.039414119176137
8262 3.039414119176137
911 3.039414119176137
10772 3.039414119176137
636 3.039414119176137
10585 3.039414119176137
7183 3.039414119176137
6586 3.039414119176137
26 3.039414119176137
11436 2.1363241321841935
10922 3.039414119176137
11569 2.738384123512156
4668 2.738384123512156
7892 3.039414119176137
2635 2.738384123512156
5085 3.039414119176137
711 3.039414119176137
11866 2.738384123512156
4847 3.039414119176137
15 3.039414119176137
2832 2.738384123512156
5438 3.039414119176137
1594 3.039414119176137
4472 3.039414119176137
7420 3.039414119176137
10525 2.738384123512156
6267 3.039414119176137
2918 3.039414119176137
11357 3.039414119176137
9526 2.5622928644564746
1390 3.039414119176137
9613 3.039414119176137
6879 3.039414119176137
2608 3.039414119176137
1189 3.039414119176137
1736 3.039414119176137
7608 3.039414119176137
9600 3.039414119176137
2369 3.039414119176137
972 3.039414119176137
10600 2.738384123512156
201 3.039414119176137
9870 3.039414119176137
407 3.039414119176137
10010 3.039414119176137
11391 3.039414119176137
9618 3.039414119176137
10200 3.039414119176137
3961 2.738384123512156
11020 3.039414119176137
1391 3.039414119176137
3262 3.039414119176137
10163 3.039414119176137
1047 3.039414119176137
1643 3.039414119176137
1599 3.039414119176137
3468 3.039414119176137
2105 3.039414119176137
7645 3.039414119176137
4843 3.039414119176137
2243 3.039414119176137
3428 3.039414119176137
5434 2.738384123512156
6054 3.039414119176137
3727 3.039414119176137
872 3.039414119176137
3925 3.039414119176137
9485 2.5622928644564746
5973 3.039414119176137
2883 2.738384123512156
8509 3.039414119176137
6230 3.039414119176137
1512 3.039414119176137
7894 3.039414119176137
8817 2.738384123512156
10680 3.039414119176137
3655 2.2612628687924934
8307 3.039414119176137
6463 3.039414119176137
1048 3.039414119176137
3597 3.039414119176137
4521 2.738384123512156
3628 3.039414119176137
9844 3.039414119176137
5776 3.039414119176137
4974 27.35472707258523
12106 3.039414119176137
8412 3.039414119176137
9864 18.23648471505682
5925 3.039414119176137
1459 6.078828238352274
1700 3.039414119176137
5278 3.039414119176137
6882 3.039414119176137
1505 3.039414119176137
6125 3.039414119176137
10325 3.039414119176137
12221 3.039414119176137
8140 3.039414119176137
7907 3.039414119176137
5082 3.039414119176137
2031 3.039414119176137
641 3.039414119176137
3884 3.039414119176137
4061 3.039414119176137
10847 3.039414119176137
2784 3.039414119176137
4397 3.039414119176137
7066 3.039414119176137
2330 3.039414119176137
4194 3.039414119176137
3226 3.039414119176137
11225 3.039414119176137
9984 3.039414119176137
8624 3.039414119176137
10116 3.039414119176137
11186 3.039414119176137
4606 3.039414119176137
10118 3.039414119176137
11093 6.078828238352274
1159 3.039414119176137
10522 3.039414119176137
4413 3.039414119176137
9397 3.039414119176137
4957 3.039414119176137
2494 3.039414119176137
4722 3.039414119176137
4162 3.039414119176137
9555 3.039414119176137
7157 1.760660518223308
725 3.039414119176137
3171 3.039414119176137
9019 3.039414119176137
11328 3.039414119176137
11955 6.078828238352274
3756 3.039414119176137
9902 3.039414119176137
1717 3.039414119176137
4548 3.039414119176137
937 3.039414119176137
6351 3.039414119176137
10067 3.039414119176137
9724 3.039414119176137
8927 3.039414119176137
7132 3.039414119176137
9261 3.039414119176137
1713 3.039414119176137
5011 3.039414119176137
8069 3.039414119176137
11903 2.738384123512156
1548 3.039414119176137
3795 3.039414119176137
1871 2.738384123512156
177 3.039414119176137
4904 3.039414119176137
1361 3.039414119176137
11649 3.039414119176137
660 2.738384123512156
3499 3.039414119176137
1641 3.039414119176137
8296 3.039414119176137
3739 3.039414119176137
2130 2.738384123512156
4031 3.039414119176137
10777 3.039414119176137
6177 3.039414119176137
3324 3.039414119176137
10095 3.039414119176137
1209 3.039414119176137
8169 3.039414119176137
9281 3.039414119176137
1185 2.4373541278481747
8188 3.039414119176137
5314 3.039414119176137
2966 3.039414119176137
6169 3.039414119176137
1333 3.039414119176137
6188 2.738384123512156
10070 3.039414119176137
6716 3.039414119176137
11872 3.039414119176137
12119 3.039414119176137
3863 3.039414119176137
6974 3.039414119176137
5281 3.039414119176137
9380 3.039414119176137
5129 3.039414119176137
1422 3.039414119176137
2223 3.039414119176137
11002 3.039414119176137
10519 3.039414119176137
2847 3.039414119176137
576 3.039414119176137
2790 3.039414119176137
10760 3.039414119176137
2806 3.039414119176137
8893 3.039414119176137
2627 3.039414119176137
4132 3.039414119176137
425 3.039414119176137
10823 2.738384123512156
1052 3.039414119176137
9794 3.039414119176137
5398 2.340444114840118
1793 2.738384123512156
3899 3.039414119176137
4496 3.039414119176137
1968 3.039414119176137
4267 3.039414119176137
9952 2.738384123512156
2236 3.039414119176137
5207 2.738384123512156
10845 2.738384123512156
6479 3.039414119176137
7067 3.039414119176137
8330 3.039414119176137
7693 3.039414119176137
3835 3.039414119176137
8489 3.039414119176137
4056 3.039414119176137
366 2.738384123512156
8808 3.039414119176137
9293 2.1363241321841935
6868 3.039414119176137
10126 3.039414119176137
1681 3.039414119176137
11692 2.738384123512156
2129 3.039414119176137
3865 3.039414119176137
4775 3.039414119176137
10673 3.039414119176137
7487 3.039414119176137
1157 3.039414119176137
9989 3.039414119176137
9664 3.039414119176137
303 3.039414119176137
6635 2.340444114840118
7543 3.039414119176137
1628 3.039414119176137
188 2.738384123512156
5014 3.039414119176137
447 3.039414119176137
10485 3.039414119176137
7379 3.039414119176137
8156 3.039414119176137
11088 3.039414119176137
4624 3.039414119176137
1950 3.039414119176137
11102 3.039414119176137
10106 3.039414119176137
2450 3.039414119176137
12217 3.039414119176137
5189 3.039414119176137
11732 3.039414119176137
4007 3.039414119176137
6860 3.039414119176137
12090 3.039414119176137
9750 3.039414119176137
262 2.738384123512156
