469
t_index tf-idf 
1948 2.5622928644564746
3740 3.039414119176137
8279 3.039414119176137
8274 1.1881557704570618
12105 3.039414119176137
3561 2.738384123512156
4289 3.039414119176137
5673 2.340444114840118
2056 3.039414119176137
10993 3.039414119176137
9602 3.039414119176137
9389 3.039414119176137
6408 3.039414119176137
3342 2.340444114840118
7902 2.4373541278481747
3093 3.039414119176137
23 3.039414119176137
7934 3.039414119176137
12192 2.2612628687924934
210 3.039414119176137
10923 2.738384123512156
1500 2.738384123512156
6920 2.1363241321841935
8201 2.2612628687924934
2162 3.039414119176137
8784 2.738384123512156
4455 3.039414119176137
11245 3.039414119176137
3284 3.039414119176137
4645 3.039414119176137
10460 3.039414119176137
11943 2.5622928644564746
3344 3.039414119176137
9238 3.039414119176137
12121 2.738384123512156
6382 3.039414119176137
10182 3.039414119176137
5218 3.039414119176137
11845 3.039414119176137
9219 3.039414119176137
7539 3.039414119176137
7665 3.039414119176137
1113 3.039414119176137
6030 3.039414119176137
1719 3.039414119176137
4075 3.039414119176137
7222 1.9980214340179119
6121 3.039414119176137
8335 3.039414119176137
8119 2.738384123512156
6266 2.738384123512156
9224 2.340444114840118
7168 3.039414119176137
4114 3.039414119176137
12114 1.8352941365202122
9077 3.039414119176137
11008 2.4373541278481747
10566 3.039414119176137
9774 3.039414119176137
7437 3.039414119176137
6133 2.738384123512156
562 2.340444114840118
10374 3.039414119176137
3526 3.039414119176137
3358 3.039414119176137
5972 3.039414119176137
10435 2.5622928644564746
11838 3.039414119176137
2875 3.039414119176137
6867 2.4373541278481747
9290 3.039414119176137
6088 3.039414119176137
9253 3.039414119176137
2067 3.039414119176137
7192 3.039414119176137
9519 2.340444114840118
7268 3.039414119176137
10265 2.1943160791618803
7149 3.039414119176137
2800 2.340444114840118
8664 3.039414119176137
2142 3.039414119176137
2758 3.039414119176137
8277 3.039414119176137
8149 2.5622928644564746
2350 3.039414119176137
11867 3.039414119176137
832 3.039414119176137
10405 3.039414119176137
2734 2.5622928644564746
9090 3.039414119176137
7449 3.039414119176137
3444 3.039414119176137
3701 3.039414119176137
7347 3.039414119176137
2940 3.039414119176137
10090 3.039414119176137
1530 2.4373541278481747
7905 3.039414119176137
11812 3.039414119176137
5379 3.039414119176137
8951 2.738384123512156
4800 2.738384123512156
3007 2.5622928644564746
4127 3.039414119176137
367 1.8633228601204557
4034 3.039414119176137
6785 3.039414119176137
3408 3.039414119176137
5153 3.039414119176137
3496 3.039414119176137
5361 2.5622928644564746
10791 3.039414119176137
6478 3.039414119176137
2678 3.039414119176137
3315 3.039414119176137
1506 3.039414119176137
2915 3.039414119176137
4420 2.2612628687924934
8511 3.039414119176137
9218 3.039414119176137
8289 3.039414119176137
10575 3.039414119176137
5006 3.039414119176137
5249 3.039414119176137
3421 3.039414119176137
11620 3.039414119176137
7502 3.039414119176137
8936 3.039414119176137
7785 3.039414119176137
11765 3.039414119176137
11477 3.039414119176137
8914 3.039414119176137
6746 2.4373541278481747
5675 3.039414119176137
773 3.039414119176137
27 3.039414119176137
1571 3.039414119176137
8840 2.5622928644564746
6223 2.5622928644564746
5823 3.039414119176137
438 3.039414119176137
7114 3.039414119176137
8302 2.738384123512156
6127 3.039414119176137
12042 3.039414119176137
11043 2.738384123512156
2725 3.039414119176137
8978 3.039414119176137
6157 3.039414119176137
5352 3.039414119176137
3433 3.039414119176137
11024 3.039414119176137
6051 3.039414119176137
9534 3.039414119176137
11967 2.738384123512156
8340 3.039414119176137
4728 3.039414119176137
7140 2.738384123512156
4897 3.039414119176137
8124 3.039414119176137
10117 2.5622928644564746
5467 3.039414119176137
4744 2.5622928644564746
6972 3.039414119176137
8042 3.039414119176137
3800 3.039414119176137
4972 3.039414119176137
1175 3.039414119176137
9134 3.039414119176137
5975 3.039414119176137
2588 3.039414119176137
4992 3.039414119176137
8241 3.039414119176137
6180 2.5622928644564746
1835 3.039414119176137
3252 2.5622928644564746
2437 3.039414119176137
2733 3.039414119176137
9158 3.039414119176137
2314 3.039414119176137
11968 2.738384123512156
10245 2.738384123512156
8040 3.039414119176137
7769 3.039414119176137
3636 3.039414119176137
8785 3.039414119176137
8899 3.039414119176137
8623 2.4373541278481747
11551 3.039414119176137
10585 3.039414119176137
7183 3.039414119176137
6586 3.039414119176137
12155 3.039414119176137
11436 2.1363241321841935
6759 3.039414119176137
10922 3.039414119176137
11318 3.039414119176137
754 3.039414119176137
10061 3.039414119176137
8675 3.039414119176137
6992 3.039414119176137
8931 3.039414119176137
3041 3.039414119176137
3723 2.738384123512156
10902 3.039414119176137
5085 3.039414119176137
8337 3.039414119176137
880 3.039414119176137
6375 3.039414119176137
8597 3.039414119176137
5603 3.039414119176137
8930 3.039414119176137
9050 2.340444114840118
4385 3.039414119176137
2575 3.039414119176137
9180 3.039414119176137
2972 3.039414119176137
11749 3.039414119176137
9605 3.039414119176137
2622 3.039414119176137
2081 3.039414119176137
6267 3.039414119176137
979 3.039414119176137
839 3.039414119176137
2920 2.738384123512156
10086 3.039414119176137
3268 3.039414119176137
9613 3.039414119176137
9876 3.039414119176137
6395 3.039414119176137
2652 3.039414119176137
1906 3.039414119176137
12124 3.039414119176137
7666 3.039414119176137
10077 3.039414119176137
4259 3.039414119176137
1551 2.738384123512156
7608 3.039414119176137
3734 3.039414119176137
10091 3.039414119176137
4154 3.039414119176137
1679 3.039414119176137
10089 3.039414119176137
1883 3.039414119176137
11156 3.039414119176137
3656 3.039414119176137
2001 3.039414119176137
1994 3.039414119176137
5242 3.039414119176137
4092 3.039414119176137
8451 3.039414119176137
1391 3.039414119176137
3283 3.039414119176137
8670 3.039414119176137
10163 3.039414119176137
4195 3.039414119176137
1896 3.039414119176137
11462 3.039414119176137
7193 3.039414119176137
11900 3.039414119176137
10863 3.039414119176137
6559 3.039414119176137
6875 3.039414119176137
2441 3.039414119176137
8881 3.039414119176137
3025 3.039414119176137
57 3.039414119176137
2643 2.738384123512156
1747 3.039414119176137
3306 3.039414119176137
5196 3.039414119176137
7503 3.039414119176137
10697 3.039414119176137
2869 3.039414119176137
872 3.039414119176137
4584 3.039414119176137
5483 3.039414119176137
1807 3.039414119176137
6028 3.039414119176137
11188 3.039414119176137
8405 3.039414119176137
6251 3.039414119176137
6230 3.039414119176137
3269 3.039414119176137
3559 3.039414119176137
10088 3.039414119176137
1340 3.039414119176137
3655 2.2612628687924934
8307 3.039414119176137
6548 3.039414119176137
3549 2.738384123512156
4521 2.738384123512156
5394 3.039414119176137
3313 3.039414119176137
3877 3.039414119176137
5776 3.039414119176137
5082 3.039414119176137
2490 3.039414119176137
7066 3.039414119176137
6151 3.039414119176137
937 3.039414119176137
2939 3.039414119176137
940 3.039414119176137
2776 2.738384123512156
4524 3.039414119176137
9826 3.039414119176137
9552 2.738384123512156
665 3.039414119176137
11389 3.039414119176137
3739 3.039414119176137
2130 2.738384123512156
3104 3.039414119176137
10410 3.039414119176137
1978 3.039414119176137
10674 3.039414119176137
11395 3.039414119176137
5804 3.039414119176137
12147 3.039414119176137
11896 3.039414119176137
3611 3.039414119176137
1321 3.039414119176137
6312 3.039414119176137
9532 3.039414119176137
5225 3.039414119176137
3667 3.039414119176137
9413 3.039414119176137
5276 3.039414119176137
259 3.039414119176137
8142 3.039414119176137
9875 3.039414119176137
1285 3.039414119176137
12116 3.039414119176137
3117 3.039414119176137
9923 3.039414119176137
6108 3.039414119176137
9893 3.039414119176137
10202 3.039414119176137
1115 3.039414119176137
3412 3.039414119176137
1873 3.039414119176137
8203 3.039414119176137
11793 3.039414119176137
9254 3.039414119176137
9255 3.039414119176137
11671 3.039414119176137
427 3.039414119176137
4560 3.039414119176137
1027 3.039414119176137
8955 3.039414119176137
3913 3.039414119176137
1516 3.039414119176137
2167 3.039414119176137
4657 3.039414119176137
5149 3.039414119176137
5314 3.039414119176137
765 3.039414119176137
4202 3.039414119176137
1653 3.039414119176137
5169 3.039414119176137
1172 6.078828238352274
5468 3.039414119176137
8452 3.039414119176137
5985 3.039414119176137
5986 3.039414119176137
5836 3.039414119176137
927 3.039414119176137
258 6.078828238352274
2041 3.039414119176137
3699 3.039414119176137
2925 3.039414119176137
2995 3.039414119176137
4969 3.039414119176137
10954 3.039414119176137
3614 3.039414119176137
9657 3.039414119176137
6001 3.039414119176137
4275 3.039414119176137
8025 3.039414119176137
5991 3.039414119176137
8259 3.039414119176137
7821 3.039414119176137
3638 3.039414119176137
2229 3.039414119176137
3779 3.039414119176137
8673 3.039414119176137
2633 2.2612628687924934
10809 3.039414119176137
3695 2.738384123512156
1723 3.039414119176137
4286 3.039414119176137
7835 3.039414119176137
7334 3.039414119176137
51 3.039414119176137
11437 3.039414119176137
3086 3.039414119176137
10567 3.039414119176137
358 3.039414119176137
4400 1.8089651977978631
5264 3.039414119176137
9000 2.738384123512156
6698 3.039414119176137
3137 3.039414119176137
10081 3.039414119176137
6185 3.039414119176137
2675 3.039414119176137
5341 3.039414119176137
7416 3.039414119176137
2958 3.039414119176137
11604 3.039414119176137
1838 3.039414119176137
5207 2.738384123512156
9027 3.039414119176137
11582 3.039414119176137
7337 3.039414119176137
2259 3.039414119176137
6229 2.738384123512156
10306 3.039414119176137
2042 3.039414119176137
8172 3.039414119176137
366 2.738384123512156
4733 3.039414119176137
6868 3.039414119176137
11763 3.039414119176137
1681 3.039414119176137
2670 3.039414119176137
4350 3.039414119176137
5344 3.039414119176137
3931 3.039414119176137
3643 3.039414119176137
402 3.039414119176137
10906 3.039414119176137
10080 3.039414119176137
2529 3.039414119176137
10840 3.039414119176137
5470 1.9602328731285121
7568 3.039414119176137
273 3.039414119176137
4811 3.039414119176137
1436 3.039414119176137
189 3.039414119176137
9102 3.039414119176137
4546 3.039414119176137
1432 3.039414119176137
3757 3.039414119176137
8536 3.039414119176137
3590 2.738384123512156
6902 3.039414119176137
4175 3.039414119176137
2354 3.039414119176137
4876 3.039414119176137
188 2.738384123512156
10087 3.039414119176137
7495 3.039414119176137
2120 3.039414119176137
4492 3.039414119176137
2783 3.039414119176137
4624 3.039414119176137
9396 3.039414119176137
3842 3.039414119176137
3644 3.039414119176137
8148 3.039414119176137
6174 3.039414119176137
6701 2.340444114840118
11277 3.039414119176137
2295 2.5622928644564746
12128 3.039414119176137
4946 3.039414119176137
10012 3.039414119176137
