289
t_index tf-idf 
8416 3.039414119176137
7331 3.039414119176137
1948 2.5622928644564746
4022 3.039414119176137
2811 3.039414119176137
8274 1.1881557704570618
7157 1.760660518223308
6376 3.039414119176137
6126 3.039414119176137
3760 3.039414119176137
1943 3.039414119176137
8040 3.039414119176137
6594 3.039414119176137
8765 3.039414119176137
10119 3.039414119176137
7757 3.039414119176137
5406 3.039414119176137
9724 3.039414119176137
11890 2.738384123512156
4289 3.039414119176137
7829 3.039414119176137
5601 3.039414119176137
9289 3.039414119176137
8785 3.039414119176137
11941 3.039414119176137
4788 3.039414119176137
8734 3.039414119176137
5207 2.738384123512156
11755 3.039414119176137
5011 3.039414119176137
6418 3.039414119176137
3974 3.039414119176137
10165 3.039414119176137
11705 3.039414119176137
940 3.039414119176137
4299 3.039414119176137
11903 2.738384123512156
10845 2.738384123512156
5816 3.039414119176137
1141 3.039414119176137
8507 2.738384123512156
7504 3.039414119176137
2203 3.039414119176137
9897 3.039414119176137
2655 3.039414119176137
11436 2.1363241321841935
9575 3.039414119176137
12105 3.039414119176137
898 3.039414119176137
11943 2.5622928644564746
11569 2.738384123512156
8326 3.039414119176137
2427 2.340444114840118
11815 3.039414119176137
8675 3.039414119176137
12121 2.738384123512156
660 2.738384123512156
11576 2.2612628687924934
10272 3.039414119176137
2654 2.738384123512156
4141 3.039414119176137
7152 3.039414119176137
12160 3.039414119176137
2682 2.039414119176137
4943 2.5622928644564746
1719 3.039414119176137
7222 1.9980214340179119
2143 3.039414119176137
1518 3.039414119176137
8819 3.039414119176137
8047 3.039414119176137
9224 2.340444114840118
7168 3.039414119176137
9293 2.1363241321841935
12085 3.039414119176137
10769 3.039414119176137
8 3.039414119176137
4051 2.738384123512156
29 3.039414119176137
6375 3.039414119176137
6096 3.039414119176137
12114 1.8352941365202122
697 2.4373541278481747
9386 3.039414119176137
509 3.039414119176137
5894 3.039414119176137
10566 3.039414119176137
6900 3.039414119176137
2242 3.039414119176137
236 3.039414119176137
8776 3.039414119176137
562 2.340444114840118
2575 3.039414119176137
9180 3.039414119176137
9424 3.039414119176137
2411 3.039414119176137
11838 3.039414119176137
2875 3.039414119176137
11127 3.039414119176137
9290 3.039414119176137
11119 3.039414119176137
8169 3.039414119176137
74 2.738384123512156
10927 3.039414119176137
556 3.039414119176137
1670 3.039414119176137
4179 3.039414119176137
4878 3.039414119176137
2067 3.039414119176137
6836 2.738384123512156
10265 2.1943160791618803
10737 3.039414119176137
9526 2.5622928644564746
2800 2.340444114840118
1352 3.039414119176137
6589 3.039414119176137
1398 3.039414119176137
1185 2.4373541278481747
6541 3.039414119176137
12266 3.039414119176137
11116 3.039414119176137
7925 3.039414119176137
8270 3.039414119176137
2350 3.039414119176137
5366 3.039414119176137
470 3.039414119176137
6626 2.5622928644564746
2544 2.1943160791618803
11096 3.039414119176137
10741 3.039414119176137
7830 3.039414119176137
9090 3.039414119176137
446 3.039414119176137
5737 3.039414119176137
769 3.039414119176137
6373 3.039414119176137
8424 3.039414119176137
1679 3.039414119176137
2062 3.039414119176137
10089 3.039414119176137
6740 3.039414119176137
8304 3.039414119176137
10600 2.738384123512156
10592 3.039414119176137
201 3.039414119176137
4902 3.039414119176137
480 3.039414119176137
2435 2.5622928644564746
4800 2.738384123512156
3094 3.039414119176137
188 2.738384123512156
367 1.8633228601204557
7438 2.4373541278481747
3502 3.039414119176137
4988 3.039414119176137
2397 3.039414119176137
1313 3.039414119176137
1935 2.4373541278481747
7270 2.4373541278481747
11217 3.039414119176137
5268 3.039414119176137
2157 3.039414119176137
3315 3.039414119176137
9568 2.5622928644564746
3521 2.738384123512156
10396 3.039414119176137
4420 2.2612628687924934
959 3.039414119176137
10163 3.039414119176137
2271 3.039414119176137
7423 3.039414119176137
8576 3.039414119176137
1599 3.039414119176137
8173 2.738384123512156
1896 3.039414119176137
2243 3.039414119176137
10990 3.039414119176137
7787 3.039414119176137
2807 3.039414119176137
2018 2.738384123512156
510 3.039414119176137
12197 1.9980214340179119
8937 3.039414119176137
2230 3.039414119176137
3001 3.039414119176137
2441 3.039414119176137
782 3.039414119176137
7901 1.9602328731285121
11501 3.039414119176137
7681 3.039414119176137
4845 3.039414119176137
9184 3.039414119176137
5339 3.039414119176137
10517 3.039414119176137
1526 3.039414119176137
5594 2.738384123512156
4912 2.738384123512156
11909 9.11824235752841
3044 3.039414119176137
11089 3.039414119176137
9824 3.039414119176137
6485 3.039414119176137
7329 2.738384123512156
7993 3.039414119176137
239 3.039414119176137
11594 3.039414119176137
2898 3.039414119176137
5196 3.039414119176137
11894 2.1363241321841935
10532 3.039414119176137
3078 3.039414119176137
3777 2.2612628687924934
203 3.039414119176137
289 3.039414119176137
4139 3.039414119176137
5413 3.039414119176137
10373 2.738384123512156
7216 3.039414119176137
3985 3.039414119176137
6746 2.4373541278481747
11710 3.039414119176137
2012 3.039414119176137
872 3.039414119176137
10697 3.039414119176137
2226 3.039414119176137
10844 2.738384123512156
6604 3.039414119176137
9485 2.5622928644564746
8840 2.5622928644564746
6223 2.5622928644564746
10112 2.738384123512156
8479 3.039414119176137
576 3.039414119176137
10294 3.039414119176137
4677 3.039414119176137
4989 3.039414119176137
8892 2.5622928644564746
1514 3.039414119176137
4400 1.8089651977978631
8405 3.039414119176137
1428 3.039414119176137
6732 3.039414119176137
10365 3.039414119176137
6157 3.039414119176137
3269 3.039414119176137
7894 3.039414119176137
7805 3.039414119176137
11444 3.039414119176137
2745 3.039414119176137
3655 2.2612628687924934
6051 3.039414119176137
8227 3.039414119176137
1802 3.039414119176137
7160 3.039414119176137
7988 3.039414119176137
4053 3.039414119176137
5322 3.039414119176137
3765 3.039414119176137
7140 2.738384123512156
11183 2.738384123512156
7555 3.039414119176137
5915 3.039414119176137
4521 2.738384123512156
7932 2.738384123512156
4566 3.039414119176137
3322 3.039414119176137
3670 3.039414119176137
4007 3.039414119176137
2720 3.039414119176137
10117 2.5622928644564746
6185 3.039414119176137
12198 1.9254707668693
10085 2.738384123512156
1879 3.039414119176137
3253 3.039414119176137
9770 3.039414119176137
7987 3.039414119176137
3999 2.4373541278481747
6529 3.039414119176137
7447 3.039414119176137
1052 3.039414119176137
1600 3.039414119176137
237 3.039414119176137
7783 2.738384123512156
10986 3.039414119176137
722 3.039414119176137
1550 3.039414119176137
5398 2.340444114840118
4379 2.738384123512156
