412
t_index tf-idf 
11996 2.085171609736812
4977 3.039414119176137
6600 3.039414119176137
3186 3.039414119176137
33 3.039414119176137
976 3.039414119176137
1948 2.5622928644564746
11898 3.039414119176137
5531 3.039414119176137
10310 3.039414119176137
8274 1.1881557704570618
4022 3.039414119176137
12105 3.039414119176137
4289 3.039414119176137
4973 2.5622928644564746
8216 2.738384123512156
5673 2.340444114840118
10232 3.039414119176137
7143 3.039414119176137
6408 3.039414119176137
8276 2.5622928644564746
3342 2.340444114840118
7902 2.4373541278481747
2877 3.039414119176137
69 3.039414119176137
10977 2.738384123512156
10571 3.039414119176137
210 3.039414119176137
12192 2.2612628687924934
4308 2.2612628687924934
1500 2.738384123512156
8507 2.738384123512156
8959 3.039414119176137
8201 2.2612628687924934
2054 3.039414119176137
9036 3.039414119176137
3284 3.039414119176137
4645 3.039414119176137
8269 3.039414119176137
12108 3.039414119176137
11943 2.5622928644564746
6382 3.039414119176137
11209 3.039414119176137
12103 2.5622928644564746
8584 3.039414119176137
1815 3.039414119176137
2200 3.039414119176137
4943 2.5622928644564746
1719 3.039414119176137
7222 1.9980214340179119
11241 2.340444114840118
8119 2.738384123512156
10544 3.039414119176137
8047 3.039414119176137
9224 2.340444114840118
9182 3.039414119176137
8 3.039414119176137
10566 3.039414119176137
2681 2.340444114840118
11707 3.039414119176137
10506 2.738384123512156
8465 3.039414119176137
6133 2.738384123512156
2760 3.039414119176137
12015 2.738384123512156
481 3.039414119176137
9424 3.039414119176137
5972 3.039414119176137
10637 3.039414119176137
11838 3.039414119176137
7460 3.039414119176137
9290 3.039414119176137
8171 3.039414119176137
7064 3.039414119176137
3866 3.039414119176137
10265 2.1943160791618803
110 3.039414119176137
2800 2.340444114840118
7989 3.039414119176137
9476 3.039414119176137
8149 2.5622928644564746
2126 3.039414119176137
2350 3.039414119176137
2544 2.1943160791618803
6381 2.340444114840118
2734 2.5622928644564746
3207 3.039414119176137
2519 3.039414119176137
1034 3.039414119176137
6740 3.039414119176137
1530 2.4373541278481747
11812 3.039414119176137
3343 3.039414119176137
9514 2.738384123512156
8951 2.738384123512156
2219 2.738384123512156
2359 2.4373541278481747
480 3.039414119176137
8813 3.039414119176137
4800 2.738384123512156
8353 3.039414119176137
10707 3.039414119176137
367 1.8633228601204557
8041 3.039414119176137
3997 3.039414119176137
12083 3.039414119176137
1935 2.4373541278481747
420 3.039414119176137
5153 3.039414119176137
5361 2.5622928644564746
9500 3.039414119176137
6478 3.039414119176137
1615 3.039414119176137
2678 3.039414119176137
9568 2.5622928644564746
8049 3.039414119176137
1661 3.039414119176137
8173 2.738384123512156
614 3.039414119176137
11813 2.738384123512156
2048 2.738384123512156
3266 3.039414119176137
811 3.039414119176137
1849 3.039414119176137
12212 3.039414119176137
10575 3.039414119176137
12034 2.738384123512156
1036 2.4373541278481747
6090 2.738384123512156
5594 2.738384123512156
4912 2.738384123512156
9390 3.039414119176137
3421 3.039414119176137
11894 2.1363241321841935
7785 3.039414119176137
10523 3.039414119176137
11939 3.039414119176137
11101 3.039414119176137
8840 2.5622928644564746
2255 3.039414119176137
9563 3.039414119176137
11043 2.738384123512156
8978 3.039414119176137
796 3.039414119176137
2370 3.039414119176137
10365 3.039414119176137
6157 3.039414119176137
7127 3.039414119176137
10438 3.039414119176137
10055 2.738384123512156
8288 3.039414119176137
9534 3.039414119176137
11967 2.738384123512156
3765 3.039414119176137
7140 2.738384123512156
10156 2.738384123512156
1519 2.738384123512156
5498 3.039414119176137
10117 2.5622928644564746
9770 3.039414119176137
3999 2.4373541278481747
11564 3.039414119176137
234 3.039414119176137
5040 3.039414119176137
11892 3.039414119176137
6370 2.5622928644564746
10929 3.039414119176137
7349 2.5622928644564746
7424 3.039414119176137
8585 3.039414119176137
7092 3.039414119176137
8241 3.039414119176137
3252 2.5622928644564746
4379 2.738384123512156
11438 2.738384123512156
1440 3.039414119176137
1325 2.738384123512156
3636 3.039414119176137
4417 2.340444114840118
8224 3.039414119176137
9414 3.039414119176137
2481 3.039414119176137
11551 3.039414119176137
8623 2.4373541278481747
12049 3.039414119176137
6533 3.039414119176137
7183 3.039414119176137
5816 3.039414119176137
6692 3.039414119176137
754 3.039414119176137
4668 2.738384123512156
5727 2.738384123512156
4141 3.039414119176137
113 3.039414119176137
10703 3.039414119176137
2153 3.039414119176137
2635 2.738384123512156
11866 2.738384123512156
9531 2.738384123512156
490 3.039414119176137
9050 2.340444114840118
9069 3.039414119176137
439 3.039414119176137
418 3.039414119176137
2137 2.738384123512156
10128 3.039414119176137
7897 3.039414119176137
9526 2.5622928644564746
330 3.039414119176137
6725 3.039414119176137
8160 3.039414119176137
726 3.039414119176137
2882 3.039414119176137
900 3.039414119176137
12219 3.039414119176137
1497 3.039414119176137
9820 3.039414119176137
10077 3.039414119176137
1210 3.039414119176137
10259 3.039414119176137
1272 3.039414119176137
11156 3.039414119176137
2086 3.039414119176137
1951 3.039414119176137
11020 3.039414119176137
4478 3.039414119176137
3283 3.039414119176137
5364 3.039414119176137
8576 3.039414119176137
10968 3.039414119176137
7629 2.738384123512156
8126 3.039414119176137
7726 3.039414119176137
8767 3.039414119176137
7993 3.039414119176137
5196 3.039414119176137
3861 2.039414119176137
2396 3.039414119176137
8817 2.738384123512156
6060 3.039414119176137
8362 3.039414119176137
8443 3.039414119176137
5776 3.039414119176137
3633 3.039414119176137
2031 3.039414119176137
6151 3.039414119176137
8656 3.039414119176137
11064 3.039414119176137
3888 3.039414119176137
907 3.039414119176137
8702 3.039414119176137
1713 3.039414119176137
7536 3.039414119176137
10383 3.039414119176137
7974 3.039414119176137
8759 3.039414119176137
10049 3.039414119176137
4424 3.039414119176137
2708 3.039414119176137
9154 3.039414119176137
85 3.039414119176137
11465 3.039414119176137
8679 3.039414119176137
5343 3.039414119176137
10113 3.039414119176137
3021 3.039414119176137
5408 3.039414119176137
3117 3.039414119176137
3966 3.039414119176137
8382 3.039414119176137
1873 3.039414119176137
9564 2.340444114840118
6681 3.039414119176137
2656 3.039414119176137
5781 3.039414119176137
8873 3.039414119176137
6188 2.738384123512156
10591 3.039414119176137
2633 2.2612628687924934
3695 2.738384123512156
2179 3.039414119176137
11217 3.039414119176137
7359 3.039414119176137
5281 3.039414119176137
2751 3.039414119176137
3626 3.039414119176137
2046 3.039414119176137
8894 3.039414119176137
2611 3.039414119176137
8319 3.039414119176137
3517 3.039414119176137
7211 3.039414119176137
3031 3.039414119176137
11134 3.039414119176137
3465 3.039414119176137
2865 3.039414119176137
1774 3.039414119176137
1703 3.039414119176137
4403 3.039414119176137
11701 2.4373541278481747
7308 3.039414119176137
1446 3.039414119176137
6840 2.1943160791618803
552 3.039414119176137
2996 3.039414119176137
7790 3.039414119176137
2238 3.039414119176137
1085 2.5622928644564746
1892 3.039414119176137
12027 2.1943160791618803
4009 3.039414119176137
4267 3.039414119176137
1351 3.039414119176137
10186 3.039414119176137
2176 3.039414119176137
8778 3.039414119176137
6479 3.039414119176137
6448 3.039414119176137
7823 6.078828238352274
6711 3.039414119176137
3491 3.039414119176137
898 3.039414119176137
1650 3.039414119176137
7301 3.039414119176137
6684 2.738384123512156
10105 3.039414119176137
9319 3.039414119176137
7525 3.039414119176137
1032 3.039414119176137
10708 3.039414119176137
3073 3.039414119176137
1889 3.039414119176137
3291 3.039414119176137
460 3.039414119176137
9400 3.039414119176137
4885 3.039414119176137
10038 6.078828238352274
6712 3.039414119176137
4640 3.039414119176137
899 3.039414119176137
9915 3.039414119176137
10026 3.039414119176137
2572 3.039414119176137
10442 3.039414119176137
7265 3.039414119176137
12020 3.039414119176137
4721 6.078828238352274
6403 3.039414119176137
9328 3.039414119176137
4284 3.039414119176137
3685 6.078828238352274
4255 3.039414119176137
9641 3.039414119176137
8435 3.039414119176137
7545 3.039414119176137
11236 3.039414119176137
10872 1.8089651977978631
7701 3.039414119176137
6055 3.039414119176137
10911 2.738384123512156
4196 3.039414119176137
5396 3.039414119176137
4350 3.039414119176137
10399 3.039414119176137
10718 3.039414119176137
3910 3.039414119176137
2529 3.039414119176137
5674 3.039414119176137
10741 3.039414119176137
1589 3.039414119176137
6615 3.039414119176137
8900 2.039414119176137
2192 3.039414119176137
2348 3.039414119176137
605 3.039414119176137
4133 3.039414119176137
5104 3.039414119176137
11120 3.039414119176137
5528 3.039414119176137
8536 3.039414119176137
4175 3.039414119176137
10345 3.039414119176137
4876 3.039414119176137
11341 3.039414119176137
6034 3.039414119176137
10819 3.039414119176137
2552 3.039414119176137
4970 3.039414119176137
2285 3.039414119176137
10990 3.039414119176137
8080 3.039414119176137
3985 3.039414119176137
3406 3.039414119176137
6791 3.039414119176137
3842 3.039414119176137
7825 3.039414119176137
9499 3.039414119176137
3155 2.738384123512156
8148 3.039414119176137
3670 3.039414119176137
8208 3.039414119176137
6701 2.340444114840118
9651 3.039414119176137
6869 3.039414119176137
262 2.738384123512156
4409 3.039414119176137
10856 2.1943160791618803
4422 3.039414119176137
1449 2.5622928644564746
1443 3.039414119176137
10755 3.039414119176137
10012 3.039414119176137
