356
t_index tf-idf 
11996 2.085171609736812
4977 3.039414119176137
1948 2.5622928644564746
11898 3.039414119176137
8279 3.039414119176137
8274 1.1881557704570618
11069 3.039414119176137
12105 3.039414119176137
7165 2.1363241321841935
5570 2.738384123512156
4973 2.5622928644564746
5673 2.340444114840118
11034 3.039414119176137
9289 3.039414119176137
939 2.5622928644564746
8276 2.5622928644564746
3342 2.340444114840118
7902 2.4373541278481747
3093 3.039414119176137
69 3.039414119176137
10977 2.738384123512156
12192 2.2612628687924934
5022 3.039414119176137
1500 2.738384123512156
7808 3.039414119176137
12121 2.738384123512156
6382 3.039414119176137
11209 3.039414119176137
7539 3.039414119176137
1815 3.039414119176137
2093 3.039414119176137
6030 3.039414119176137
4943 2.5622928644564746
7222 1.9980214340179119
783 3.039414119176137
3623 2.5622928644564746
8119 2.738384123512156
9224 2.340444114840118
7168 3.039414119176137
6525 2.5622928644564746
759 3.039414119176137
11008 2.4373541278481747
10566 3.039414119176137
6900 3.039414119176137
4071 3.039414119176137
11707 3.039414119176137
10506 2.738384123512156
4785 3.039414119176137
6133 2.738384123512156
12015 2.738384123512156
9424 3.039414119176137
2820 3.039414119176137
10903 3.039414119176137
10637 3.039414119176137
5924 3.039414119176137
326 3.039414119176137
9290 3.039414119176137
8171 3.039414119176137
9566 3.039414119176137
10265 2.1943160791618803
1706 3.039414119176137
8149 2.5622928644564746
6252 3.039414119176137
11254 3.039414119176137
11814 3.039414119176137
2544 2.1943160791618803
832 3.039414119176137
6381 2.340444114840118
5551 3.039414119176137
2734 2.5622928644564746
2519 3.039414119176137
1034 3.039414119176137
8424 3.039414119176137
1530 2.4373541278481747
7905 3.039414119176137
11812 3.039414119176137
3343 3.039414119176137
8951 2.738384123512156
367 1.8633228601204557
5588 3.039414119176137
1935 2.4373541278481747
3431 3.039414119176137
6796 3.039414119176137
9500 3.039414119176137
8031 3.039414119176137
3315 3.039414119176137
1661 3.039414119176137
5984 2.738384123512156
4420 2.2612628687924934
959 3.039414119176137
11813 2.738384123512156
1160 3.039414119176137
7787 3.039414119176137
811 3.039414119176137
12212 3.039414119176137
7323 3.039414119176137
12034 2.738384123512156
5594 2.738384123512156
4912 2.738384123512156
3421 3.039414119176137
1675 3.039414119176137
11894 2.1363241321841935
7785 3.039414119176137
10523 3.039414119176137
3850 2.738384123512156
4854 2.738384123512156
1571 3.039414119176137
8840 2.5622928644564746
6223 2.5622928644564746
2616 3.039414119176137
2255 3.039414119176137
9563 3.039414119176137
8978 3.039414119176137
10365 3.039414119176137
111 3.039414119176137
3658 3.039414119176137
10438 3.039414119176137
7794 3.039414119176137
3733 2.738384123512156
11967 2.738384123512156
11961 3.039414119176137
9034 3.039414119176137
3765 3.039414119176137
7140 2.738384123512156
1519 2.738384123512156
4897 3.039414119176137
4744 2.5622928644564746
4669 3.039414119176137
10399 3.039414119176137
11564 3.039414119176137
5040 3.039414119176137
6370 2.5622928644564746
7507 3.039414119176137
10818 3.039414119176137
7424 3.039414119176137
7131 3.039414119176137
8585 3.039414119176137
7092 3.039414119176137
11808 3.039414119176137
8241 3.039414119176137
3252 2.5622928644564746
4379 2.738384123512156
8040 3.039414119176137
6368 3.039414119176137
10696 2.738384123512156
4417 2.340444114840118
2716 3.039414119176137
12049 3.039414119176137
10585 3.039414119176137
6533 3.039414119176137
7183 3.039414119176137
5816 3.039414119176137
6586 3.039414119176137
6687 3.039414119176137
5614 3.039414119176137
11436 2.1363241321841935
6759 3.039414119176137
6118 3.039414119176137
6692 3.039414119176137
12007 3.039414119176137
8326 3.039414119176137
5727 2.738384123512156
2654 2.738384123512156
4214 3.039414119176137
2153 3.039414119176137
2557 2.4373541278481747
10505 3.039414119176137
3661 3.039414119176137
5622 3.039414119176137
6375 3.039414119176137
11866 2.738384123512156
9531 2.738384123512156
2764 3.039414119176137
490 3.039414119176137
4681 3.039414119176137
4847 3.039414119176137
5603 3.039414119176137
9050 2.340444114840118
6631 3.039414119176137
6107 3.039414119176137
7897 3.039414119176137
9120 3.039414119176137
11641 3.039414119176137
726 3.039414119176137
6261 3.039414119176137
1497 3.039414119176137
5705 3.039414119176137
9186 3.039414119176137
7789 3.039414119176137
5903 3.039414119176137
10077 3.039414119176137
1872 3.039414119176137
10259 3.039414119176137
972 3.039414119176137
107 3.039414119176137
10089 3.039414119176137
4759 3.039414119176137
5987 3.039414119176137
2324 3.039414119176137
7270 2.4373541278481747
11020 3.039414119176137
4478 3.039414119176137
6893 3.039414119176137
3283 3.039414119176137
6665 3.039414119176137
7691 3.039414119176137
1599 3.039414119176137
8126 3.039414119176137
8355 3.039414119176137
8767 3.039414119176137
8000 3.039414119176137
5196 3.039414119176137
2339 3.039414119176137
3988 3.039414119176137
2240 3.039414119176137
207 3.039414119176137
3861 2.039414119176137
8117 3.039414119176137
9669 3.039414119176137
3466 3.039414119176137
10439 3.039414119176137
3877 3.039414119176137
2031 3.039414119176137
6151 3.039414119176137
8913 3.039414119176137
5406 3.039414119176137
1713 3.039414119176137
7536 3.039414119176137
10846 3.039414119176137
6789 3.039414119176137
7504 3.039414119176137
6025 3.039414119176137
9552 2.738384123512156
6141 3.039414119176137
5916 3.039414119176137
2130 2.738384123512156
12146 3.039414119176137
3104 3.039414119176137
1458 3.039414119176137
6949 3.039414119176137
11896 3.039414119176137
4763 3.039414119176137
2340 3.039414119176137
7508 3.039414119176137
5408 3.039414119176137
6901 3.039414119176137
3966 3.039414119176137
9564 2.340444114840118
2170 2.4373541278481747
8390 3.039414119176137
5458 3.039414119176137
8188 3.039414119176137
8722 3.039414119176137
4520 3.039414119176137
11205 3.039414119176137
8610 3.039414119176137
7984 3.039414119176137
7811 2.738384123512156
8873 3.039414119176137
10591 3.039414119176137
1290 3.039414119176137
152 3.039414119176137
5605 3.039414119176137
2315 3.039414119176137
831 3.039414119176137
3695 2.738384123512156
11217 3.039414119176137
3863 3.039414119176137
1791 3.039414119176137
7964 3.039414119176137
2089 3.039414119176137
5374 3.039414119176137
2865 3.039414119176137
1774 3.039414119176137
3944 3.039414119176137
11701 2.4373541278481747
10212 2.738384123512156
4400 1.8089651977978631
6840 2.1943160791618803
552 3.039414119176137
3137 3.039414119176137
6585 3.039414119176137
2171 3.039414119176137
8919 2.738384123512156
2238 3.039414119176137
5447 3.039414119176137
690 3.039414119176137
457 3.039414119176137
4267 3.039414119176137
9952 2.738384123512156
10498 3.039414119176137
9125 3.039414119176137
9428 3.039414119176137
898 3.039414119176137
3291 3.039414119176137
6403 3.039414119176137
9878 3.039414119176137
9135 3.039414119176137
5131 3.039414119176137
6464 3.039414119176137
5396 3.039414119176137
2201 3.039414119176137
5388 3.039414119176137
7662 3.039414119176137
2896 3.039414119176137
3953 3.039414119176137
10855 3.039414119176137
1750 3.039414119176137
2058 3.039414119176137
2316 3.039414119176137
1386 6.078828238352274
8495 3.039414119176137
4099 3.039414119176137
3119 6.078828238352274
3983 9.11824235752841
8096 3.039414119176137
2325 3.039414119176137
2913 3.039414119176137
108 3.039414119176137
5504 3.039414119176137
9965 3.039414119176137
2529 3.039414119176137
230 2.738384123512156
3376 3.039414119176137
12040 3.039414119176137
10741 3.039414119176137
6615 3.039414119176137
1589 3.039414119176137
8900 2.039414119176137
6572 3.039414119176137
605 3.039414119176137
4133 3.039414119176137
5104 3.039414119176137
1436 3.039414119176137
5528 3.039414119176137
8536 3.039414119176137
4876 3.039414119176137
11615 3.039414119176137
10819 3.039414119176137
1043 3.039414119176137
4624 3.039414119176137
10373 2.738384123512156
3985 3.039414119176137
4278 3.039414119176137
7220 3.039414119176137
9499 3.039414119176137
5573 3.039414119176137
675 3.039414119176137
622 3.039414119176137
262 2.738384123512156
4409 3.039414119176137
10856 2.1943160791618803
4422 3.039414119176137
4308 2.2612628687924934
1443 3.039414119176137
10755 3.039414119176137
