263
t_index tf-idf 
4977 3.039414119176137
632 3.039414119176137
1948 2.5622928644564746
6151 3.039414119176137
5581 3.039414119176137
11898 3.039414119176137
12027 2.1943160791618803
1325 2.738384123512156
457 3.039414119176137
3636 3.039414119176137
4267 3.039414119176137
4973 2.5622928644564746
10696 2.738384123512156
4417 2.340444114840118
11027 2.5622928644564746
11755 3.039414119176137
11941 3.039414119176137
1713 3.039414119176137
6275 3.039414119176137
7828 2.5622928644564746
3342 2.340444114840118
2716 3.039414119176137
9620 2.039414119176137
10977 2.738384123512156
12192 2.2612628687924934
210 3.039414119176137
11582 3.039414119176137
10846 3.039414119176137
3802 3.039414119176137
5740 3.039414119176137
7183 3.039414119176137
8667 3.039414119176137
8778 3.039414119176137
6025 3.039414119176137
11245 3.039414119176137
6759 3.039414119176137
898 3.039414119176137
1083 3.039414119176137
11569 2.738384123512156
5213 3.039414119176137
10633 3.039414119176137
5218 3.039414119176137
8759 3.039414119176137
4214 3.039414119176137
11923 3.039414119176137
8300 3.039414119176137
6015 2.5622928644564746
11402 3.039414119176137
2708 3.039414119176137
6462 3.039414119176137
1719 3.039414119176137
7222 1.9980214340179119
9678 3.039414119176137
11241 2.340444114840118
5916 3.039414119176137
10828 3.039414119176137
8119 2.738384123512156
3264 3.039414119176137
9224 2.340444114840118
1641 3.039414119176137
5156 3.039414119176137
7458 3.039414119176137
12085 3.039414119176137
2097 3.039414119176137
3739 3.039414119176137
9135 3.039414119176137
3661 3.039414119176137
9077 3.039414119176137
2130 2.738384123512156
4071 3.039414119176137
2681 2.340444114840118
11707 3.039414119176137
10504 3.039414119176137
2577 3.039414119176137
11823 3.039414119176137
7437 3.039414119176137
6997 3.039414119176137
10911 2.738384123512156
5396 3.039414119176137
9605 3.039414119176137
2875 3.039414119176137
1978 3.039414119176137
9290 3.039414119176137
4099 3.039414119176137
4775 3.039414119176137
11650 3.039414119176137
4793 3.039414119176137
9120 3.039414119176137
532 3.039414119176137
10265 2.1943160791618803
6046 3.039414119176137
110 3.039414119176137
11357 3.039414119176137
3081 3.039414119176137
6901 3.039414119176137
3966 3.039414119176137
9564 2.340444114840118
6261 3.039414119176137
900 3.039414119176137
5744 3.039414119176137
6252 3.039414119176137
1497 3.039414119176137
8722 3.039414119176137
10829 3.039414119176137
11814 3.039414119176137
2183 3.039414119176137
11254 3.039414119176137
2544 2.1943160791618803
832 3.039414119176137
10077 3.039414119176137
5640 3.039414119176137
6381 2.340444114840118
7608 3.039414119176137
8698 3.039414119176137
7338 3.039414119176137
3022 3.039414119176137
2734 2.5622928644564746
6263 3.039414119176137
3510 3.039414119176137
8900 2.039414119176137
3943 3.039414119176137
6101 3.039414119176137
4100 3.039414119176137
6506 3.039414119176137
6615 3.039414119176137
1589 3.039414119176137
6105 3.039414119176137
7466 3.039414119176137
605 3.039414119176137
8083 3.039414119176137
8424 3.039414119176137
1929 3.039414119176137
11246 3.039414119176137
1530 2.4373541278481747
11812 3.039414119176137
3789 2.5622928644564746
7905 3.039414119176137
3589 3.039414119176137
1603 3.039414119176137
10296 3.039414119176137
8873 3.039414119176137
8536 3.039414119176137
5951 3.039414119176137
480 3.039414119176137
4759 3.039414119176137
2219 2.738384123512156
1562 3.039414119176137
9454 3.039414119176137
4800 2.738384123512156
1951 3.039414119176137
6542 3.039414119176137
7438 2.4373541278481747
5551 3.039414119176137
2633 2.2612628687924934
5605 3.039414119176137
1935 2.4373541278481747
5153 3.039414119176137
7674 3.039414119176137
3431 3.039414119176137
2315 3.039414119176137
9500 3.039414119176137
4853 3.039414119176137
11217 3.039414119176137
6328 3.039414119176137
7181 3.039414119176137
2678 3.039414119176137
1615 3.039414119176137
3863 3.039414119176137
4970 3.039414119176137
9568 2.5622928644564746
5984 2.738384123512156
11597 3.039414119176137
1595 3.039414119176137
197 3.039414119176137
10641 3.039414119176137
11595 3.039414119176137
410 3.039414119176137
2098 3.039414119176137
1160 3.039414119176137
3266 3.039414119176137
811 3.039414119176137
6534 3.039414119176137
8894 3.039414119176137
8126 3.039414119176137
12212 3.039414119176137
10713 3.039414119176137
10575 3.039414119176137
6249 3.039414119176137
5006 3.039414119176137
12034 2.738384123512156
9752 3.039414119176137
3801 3.039414119176137
11449 3.039414119176137
7334 3.039414119176137
5594 2.738384123512156
8960 3.039414119176137
4624 3.039414119176137
25 3.039414119176137
8196 3.039414119176137
7993 3.039414119176137
11894 2.1363241321841935
8072 3.039414119176137
7502 3.039414119176137
434 3.039414119176137
2339 3.039414119176137
7785 3.039414119176137
7216 3.039414119176137
1080 3.039414119176137
10035 3.039414119176137
4854 2.738384123512156
2076 3.039414119176137
9176 3.039414119176137
6223 2.5622928644564746
2255 3.039414119176137
3254 3.039414119176137
9563 3.039414119176137
10212 2.738384123512156
1514 3.039414119176137
3861 2.039414119176137
11043 2.738384123512156
3263 3.039414119176137
8978 3.039414119176137
3539 3.039414119176137
1262 3.039414119176137
9235 3.039414119176137
9097 3.039414119176137
323 3.039414119176137
7997 3.039414119176137
10184 3.039414119176137
2102 3.039414119176137
6840 2.1943160791618803
10792 2.738384123512156
3137 3.039414119176137
11528 3.039414119176137
1740 3.039414119176137
8362 3.039414119176137
6051 3.039414119176137
10901 3.039414119176137
11967 2.738384123512156
6003 3.039414119176137
9034 3.039414119176137
1985 6.078828238352274
48 3.039414119176137
1519 2.738384123512156
4521 2.738384123512156
4655 3.039414119176137
2016 3.039414119176137
3670 3.039414119176137
4897 3.039414119176137
4744 2.5622928644564746
10508 3.039414119176137
9770 3.039414119176137
3999 2.4373541278481747
2238 3.039414119176137
1085 2.5622928644564746
7531 3.039414119176137
10986 3.039414119176137
8968 2.5622928644564746
10748 3.039414119176137
8241 3.039414119176137
4422 3.039414119176137
4308 2.2612628687924934
4379 2.738384123512156
