379
t_index tf-idf 
4977 3.039414119176137
1948 2.5622928644564746
11898 3.039414119176137
8274 1.1881557704570618
4973 2.5622928644564746
2056 3.039414119176137
9289 3.039414119176137
3342 2.340444114840118
7902 2.4373541278481747
69 3.039414119176137
9620 2.039414119176137
12192 2.2612628687924934
10977 2.738384123512156
210 3.039414119176137
1500 2.738384123512156
8667 3.039414119176137
8507 2.738384123512156
11245 3.039414119176137
4645 3.039414119176137
5218 3.039414119176137
9145 3.039414119176137
6040 2.738384123512156
11923 3.039414119176137
6015 2.5622928644564746
1815 3.039414119176137
11402 3.039414119176137
6030 3.039414119176137
4943 2.5622928644564746
1719 3.039414119176137
7222 1.9980214340179119
11241 2.340444114840118
8119 2.738384123512156
9224 2.340444114840118
12085 3.039414119176137
9077 3.039414119176137
5446 2.738384123512156
4071 3.039414119176137
2681 2.340444114840118
11707 3.039414119176137
10504 3.039414119176137
4067 3.039414119176137
7437 3.039414119176137
12015 2.738384123512156
2875 3.039414119176137
9290 3.039414119176137
4793 3.039414119176137
917 3.039414119176137
1421 3.039414119176137
10265 2.1943160791618803
110 3.039414119176137
3081 3.039414119176137
2758 3.039414119176137
5744 3.039414119176137
2126 3.039414119176137
6252 3.039414119176137
11254 3.039414119176137
11814 3.039414119176137
2350 3.039414119176137
2544 2.1943160791618803
832 3.039414119176137
6381 2.340444114840118
5551 3.039414119176137
2734 2.5622928644564746
1034 3.039414119176137
8424 3.039414119176137
1530 2.4373541278481747
7905 3.039414119176137
11812 3.039414119176137
3789 2.5622928644564746
8951 2.738384123512156
2219 2.738384123512156
2359 2.4373541278481747
480 3.039414119176137
4800 2.738384123512156
6542 3.039414119176137
7438 2.4373541278481747
7679 3.039414119176137
1935 2.4373541278481747
5153 3.039414119176137
7674 3.039414119176137
3431 3.039414119176137
9500 3.039414119176137
10791 3.039414119176137
6478 3.039414119176137
2678 3.039414119176137
1615 3.039414119176137
3315 3.039414119176137
9568 2.5622928644564746
5984 2.738384123512156
197 3.039414119176137
2098 3.039414119176137
1160 3.039414119176137
3266 3.039414119176137
811 3.039414119176137
12212 3.039414119176137
10575 3.039414119176137
6249 3.039414119176137
5006 3.039414119176137
12034 2.738384123512156
11449 3.039414119176137
5594 2.738384123512156
3421 3.039414119176137
7329 2.738384123512156
11894 2.1363241321841935
7502 3.039414119176137
1286 3.039414119176137
7785 3.039414119176137
10523 3.039414119176137
4777 3.039414119176137
3850 2.738384123512156
4854 2.738384123512156
6223 2.5622928644564746
2255 3.039414119176137
3254 3.039414119176137
9563 3.039414119176137
8892 2.5622928644564746
11043 2.738384123512156
3263 3.039414119176137
8978 3.039414119176137
9235 3.039414119176137
5201 3.039414119176137
7997 3.039414119176137
10792 2.738384123512156
6051 3.039414119176137
11967 2.738384123512156
9034 3.039414119176137
1519 2.738384123512156
4897 3.039414119176137
4744 2.5622928644564746
3800 3.039414119176137
5040 3.039414119176137
6688 3.039414119176137
7531 3.039414119176137
8968 2.5622928644564746
4135 3.039414119176137
8241 3.039414119176137
4379 2.738384123512156
5581 3.039414119176137
632 3.039414119176137
1325 2.738384123512156
5332 3.039414119176137
3636 3.039414119176137
11027 2.5622928644564746
10696 2.738384123512156
4417 2.340444114840118
11755 3.039414119176137
133 2.738384123512156
2716 3.039414119176137
3802 3.039414119176137
7427 3.039414119176137
5740 3.039414119176137
7183 3.039414119176137
5614 3.039414119176137
6118 3.039414119176137
6759 3.039414119176137
6692 3.039414119176137
11569 2.738384123512156
10633 3.039414119176137
4214 3.039414119176137
3805 3.039414119176137
6462 3.039414119176137
7996 3.039414119176137
7580 3.039414119176137
10828 3.039414119176137
1002 3.039414119176137
2612 3.039414119176137
478 2.340444114840118
5156 3.039414119176137
3723 2.738384123512156
9335 3.039414119176137
3661 3.039414119176137
4709 3.039414119176137
490 3.039414119176137
2575 3.039414119176137
5438 3.039414119176137
9605 3.039414119176137
11650 3.039414119176137
7897 3.039414119176137
9120 3.039414119176137
11357 3.039414119176137
10086 3.039414119176137
3209 3.039414119176137
6261 3.039414119176137
900 3.039414119176137
1906 3.039414119176137
1497 3.039414119176137
10962 3.039414119176137
10077 3.039414119176137
7608 3.039414119176137
2577 3.039414119176137
9600 3.039414119176137
4759 3.039414119176137
1951 3.039414119176137
7270 2.4373541278481747
11508 3.039414119176137
2271 3.039414119176137
11597 3.039414119176137
7193 3.039414119176137
6615 3.039414119176137
8126 3.039414119176137
10713 3.039414119176137
3801 3.039414119176137
9752 3.039414119176137
25 3.039414119176137
2643 2.738384123512156
2621 3.039414119176137
7993 3.039414119176137
8072 3.039414119176137
8602 3.039414119176137
2339 3.039414119176137
6409 3.039414119176137
3861 2.039414119176137
3539 3.039414119176137
6230 3.039414119176137
1262 3.039414119176137
9097 3.039414119176137
323 3.039414119176137
10184 3.039414119176137
2102 3.039414119176137
8362 3.039414119176137
1985 3.039414119176137
4521 2.738384123512156
4655 3.039414119176137
3589 3.039414119176137
1603 3.039414119176137
6793 3.039414119176137
10508 3.039414119176137
10748 3.039414119176137
6151 3.039414119176137
907 3.039414119176137
7828 2.5622928644564746
6275 3.039414119176137
5000 3.039414119176137
10846 3.039414119176137
6025 3.039414119176137
1083 3.039414119176137
8759 3.039414119176137
2708 3.039414119176137
11091 3.039414119176137
9678 3.039414119176137
5916 3.039414119176137
7458 3.039414119176137
1641 3.039414119176137
2097 3.039414119176137
3739 3.039414119176137
10324 3.039414119176137
2130 2.738384123512156
5543 2.2612628687924934
1978 3.039414119176137
532 3.039414119176137
6901 3.039414119176137
3966 3.039414119176137
9564 2.340444114840118
8722 3.039414119176137
5640 3.039414119176137
8873 3.039414119176137
1562 3.039414119176137
2633 2.2612628687924934
5605 3.039414119176137
2315 3.039414119176137
2179 3.039414119176137
9188 3.039414119176137
11217 3.039414119176137
6328 3.039414119176137
9116 2.738384123512156
4440 3.039414119176137
3863 3.039414119176137
7199 3.039414119176137
6568 3.039414119176137
9367 3.039414119176137
1595 3.039414119176137
410 3.039414119176137
8894 3.039414119176137
7334 3.039414119176137
3031 3.039414119176137
2074 3.039414119176137
7216 3.039414119176137
5374 3.039414119176137
2865 3.039414119176137
1774 3.039414119176137
11701 2.4373541278481747
10212 2.738384123512156
8939 3.039414119176137
6840 2.1943160791618803
3137 3.039414119176137
1740 3.039414119176137
3379 2.738384123512156
48 3.039414119176137
2016 3.039414119176137
3289 3.039414119176137
2238 3.039414119176137
1085 2.5622928644564746
11072 3.039414119176137
12027 2.1943160791618803
457 3.039414119176137
4267 3.039414119176137
11941 3.039414119176137
11582 3.039414119176137
8778 3.039414119176137
5598 3.039414119176137
898 3.039414119176137
3771 3.039414119176137
5213 3.039414119176137
4284 3.039414119176137
8300 3.039414119176137
3264 3.039414119176137
9135 3.039414119176137
11823 3.039414119176137
6997 3.039414119176137
10911 2.738384123512156
4196 3.039414119176137
11692 2.738384123512156
5131 3.039414119176137
5396 3.039414119176137
4099 3.039414119176137
4775 3.039414119176137
4789 3.039414119176137
6046 3.039414119176137
10371 3.039414119176137
2183 3.039414119176137
7338 3.039414119176137
6263 3.039414119176137
3510 3.039414119176137
3943 3.039414119176137
6101 3.039414119176137
8900 2.039414119176137
4100 3.039414119176137
6506 3.039414119176137
1589 3.039414119176137
6105 3.039414119176137
7466 3.039414119176137
8083 3.039414119176137
10901 3.039414119176137
7317 3.039414119176137
605 3.039414119176137
6003 3.039414119176137
4441 3.039414119176137
3730 3.039414119176137
11246 3.039414119176137
8267 3.039414119176137
9841 3.039414119176137
10617 3.039414119176137
11502 3.039414119176137
7233 3.039414119176137
678 3.039414119176137
9102 3.039414119176137
9801 3.039414119176137
9439 3.039414119176137
5528 3.039414119176137
6745 3.039414119176137
8536 3.039414119176137
5951 3.039414119176137
5587 3.039414119176137
11836 3.039414119176137
6620 3.039414119176137
5802 3.039414119176137
9454 3.039414119176137
4528 3.039414119176137
4019 3.039414119176137
5580 3.039414119176137
4970 3.039414119176137
11595 3.039414119176137
2547 3.039414119176137
2595 3.039414119176137
8960 3.039414119176137
4624 3.039414119176137
8196 3.039414119176137
434 3.039414119176137
1080 3.039414119176137
2076 3.039414119176137
6791 3.039414119176137
9176 3.039414119176137
1514 3.039414119176137
3785 3.039414119176137
11491 3.039414119176137
3670 3.039414119176137
10986 3.039414119176137
4422 3.039414119176137
4308 2.2612628687924934
