425
t_index tf-idf 
11996 2.085171609736812
4977 3.039414119176137
6600 3.039414119176137
1948 2.5622928644564746
8269 3.039414119176137
843 3.039414119176137
3186 3.039414119176137
8274 1.1881557704570618
5736 3.039414119176137
7295 3.039414119176137
4973 2.5622928644564746
5673 2.340444114840118
10232 3.039414119176137
939 2.5622928644564746
8276 2.5622928644564746
3342 2.340444114840118
3093 3.039414119176137
7934 3.039414119176137
10977 2.738384123512156
12192 2.2612628687924934
210 3.039414119176137
1500 2.738384123512156
8104 2.738384123512156
11245 3.039414119176137
3284 3.039414119176137
12108 3.039414119176137
11943 2.5622928644564746
12121 2.738384123512156
11209 3.039414119176137
9570 3.039414119176137
12103 2.5622928644564746
8553 3.039414119176137
10272 3.039414119176137
8782 3.039414119176137
11845 3.039414119176137
6015 2.5622928644564746
847 3.039414119176137
7222 1.9980214340179119
3645 3.039414119176137
7573 2.340444114840118
8047 3.039414119176137
9224 2.340444114840118
12085 3.039414119176137
8572 3.039414119176137
12114 1.8352941365202122
7816 3.039414119176137
10566 3.039414119176137
6841 2.738384123512156
11707 3.039414119176137
628 3.039414119176137
6133 2.738384123512156
12015 2.738384123512156
481 3.039414119176137
2457 3.039414119176137
11838 3.039414119176137
2875 3.039414119176137
9290 3.039414119176137
5100 3.039414119176137
2067 3.039414119176137
9566 3.039414119176137
9519 2.340444114840118
10265 2.1943160791618803
2800 2.340444114840118
6541 3.039414119176137
8277 3.039414119176137
1706 3.039414119176137
7218 3.039414119176137
6252 3.039414119176137
2350 3.039414119176137
2544 2.1943160791618803
10453 3.039414119176137
6381 2.340444114840118
2734 2.5622928644564746
1034 3.039414119176137
1530 2.4373541278481747
7905 3.039414119176137
11812 3.039414119176137
3789 2.5622928644564746
4874 3.039414119176137
3343 3.039414119176137
8951 2.738384123512156
2359 2.4373541278481747
8813 3.039414119176137
8723 3.039414119176137
10707 3.039414119176137
367 1.8633228601204557
77 3.039414119176137
1935 2.4373541278481747
5153 3.039414119176137
10791 3.039414119176137
9500 3.039414119176137
2157 3.039414119176137
1615 3.039414119176137
2678 3.039414119176137
8049 3.039414119176137
8786 3.039414119176137
3711 3.039414119176137
614 3.039414119176137
11813 2.738384123512156
3266 3.039414119176137
811 3.039414119176137
12212 3.039414119176137
12034 2.738384123512156
3682 3.039414119176137
5594 2.738384123512156
6090 2.738384123512156
4912 2.738384123512156
9390 3.039414119176137
3421 3.039414119176137
1675 3.039414119176137
11894 2.1363241321841935
7785 3.039414119176137
4854 2.738384123512156
3852 3.039414119176137
10035 3.039414119176137
1571 3.039414119176137
8840 2.5622928644564746
7114 3.039414119176137
12042 3.039414119176137
9563 3.039414119176137
2671 3.039414119176137
8892 2.5622928644564746
8282 2.738384123512156
11043 2.738384123512156
10365 3.039414119176137
7127 3.039414119176137
10792 2.738384123512156
1334 3.039414119176137
12017 2.5622928644564746
6051 3.039414119176137
3733 2.738384123512156
4922 3.039414119176137
3522 2.738384123512156
11961 3.039414119176137
10795 3.039414119176137
3765 3.039414119176137
7140 2.738384123512156
1519 2.738384123512156
10602 3.039414119176137
5498 3.039414119176137
4897 3.039414119176137
8485 3.039414119176137
3253 3.039414119176137
9770 3.039414119176137
3999 2.4373541278481747
5094 3.039414119176137
1370 3.039414119176137
5820 3.039414119176137
10818 3.039414119176137
5900 3.039414119176137
7131 3.039414119176137
8585 3.039414119176137
7092 3.039414119176137
2606 2.4373541278481747
8241 3.039414119176137
4379 2.738384123512156
5581 3.039414119176137
632 3.039414119176137
11438 2.738384123512156
1325 2.738384123512156
11968 2.738384123512156
10245 2.738384123512156
2148 3.039414119176137
132 3.039414119176137
3636 3.039414119176137
4417 2.340444114840118
7378 3.039414119176137
11755 3.039414119176137
2716 3.039414119176137
12049 3.039414119176137
6533 3.039414119176137
7183 3.039414119176137
8886 3.039414119176137
6687 3.039414119176137
5614 3.039414119176137
6118 3.039414119176137
6759 3.039414119176137
2876 3.039414119176137
10922 3.039414119176137
8862 2.738384123512156
6462 3.039414119176137
3041 3.039414119176137
7580 3.039414119176137
9578 3.039414119176137
10270 3.039414119176137
6768 3.039414119176137
8337 3.039414119176137
3256 3.039414119176137
11866 2.738384123512156
490 3.039414119176137
5603 3.039414119176137
159 3.039414119176137
2920 2.738384123512156
9120 3.039414119176137
169 3.039414119176137
10161 3.039414119176137
3268 3.039414119176137
9526 2.5622928644564746
9920 3.039414119176137
11641 3.039414119176137
3715 3.039414119176137
1906 3.039414119176137
2608 3.039414119176137
1497 3.039414119176137
470 3.039414119176137
7608 3.039414119176137
1883 3.039414119176137
7102 3.039414119176137
1951 3.039414119176137
6700 3.039414119176137
5987 3.039414119176137
7270 2.4373541278481747
11020 3.039414119176137
4478 3.039414119176137
8309 3.039414119176137
1643 3.039414119176137
1599 3.039414119176137
2105 3.039414119176137
2243 3.039414119176137
2168 3.039414119176137
8126 3.039414119176137
10713 3.039414119176137
9752 3.039414119176137
8355 3.039414119176137
8767 3.039414119176137
3306 3.039414119176137
2621 3.039414119176137
7993 3.039414119176137
5196 3.039414119176137
8072 3.039414119176137
2133 3.039414119176137
426 3.039414119176137
2339 3.039414119176137
6028 3.039414119176137
5308 3.039414119176137
3861 2.039414119176137
3539 3.039414119176137
1512 3.039414119176137
2396 3.039414119176137
8817 2.738384123512156
9097 3.039414119176137
1340 3.039414119176137
7654 3.039414119176137
12084 2.738384123512156
3794 3.039414119176137
9844 3.039414119176137
10763 2.4373541278481747
10508 3.039414119176137
5776 3.039414119176137
10454 3.039414119176137
3648 3.039414119176137
117 3.039414119176137
8656 3.039414119176137
7536 3.039414119176137
11666 3.039414119176137
2017 2.5622928644564746
1871 2.738384123512156
10526 3.039414119176137
9028 3.039414119176137
3385 3.039414119176137
2708 3.039414119176137
3764 3.039414119176137
3739 3.039414119176137
2130 2.738384123512156
6982 3.039414119176137
5927 3.039414119176137
9607 3.039414119176137
11251 3.039414119176137
6949 3.039414119176137
10113 3.039414119176137
7236 3.039414119176137
3117 3.039414119176137
3966 3.039414119176137
9564 2.340444114840118
2170 2.4373541278481747
8188 3.039414119176137
6681 3.039414119176137
2656 3.039414119176137
3829 3.039414119176137
3699 3.039414119176137
10954 3.039414119176137
2078 3.039414119176137
5781 3.039414119176137
7811 2.738384123512156
8873 3.039414119176137
3059 3.039414119176137
4853 3.039414119176137
2179 3.039414119176137
11217 3.039414119176137
3863 3.039414119176137
2751 3.039414119176137
9895 3.039414119176137
4411 3.039414119176137
6465 3.039414119176137
1544 3.039414119176137
9380 3.039414119176137
1845 3.039414119176137
7326 3.039414119176137
2046 3.039414119176137
1722 3.039414119176137
3031 3.039414119176137
925 3.039414119176137
11478 3.039414119176137
8889 3.039414119176137
5374 3.039414119176137
10951 2.4373541278481747
2865 3.039414119176137
11312 3.039414119176137
1774 3.039414119176137
1703 3.039414119176137
4403 3.039414119176137
11701 2.4373541278481747
10212 2.738384123512156
4400 1.8089651977978631
552 3.039414119176137
2911 3.039414119176137
5322 3.039414119176137
48 3.039414119176137
2996 3.039414119176137
11887 3.039414119176137
793 3.039414119176137
2171 3.039414119176137
1839 3.039414119176137
703 3.039414119176137
2238 3.039414119176137
1085 2.5622928644564746
690 3.039414119176137
12027 2.1943160791618803
2279 3.039414119176137
4267 3.039414119176137
9952 2.738384123512156
11941 3.039414119176137
3771 3.039414119176137
5213 3.039414119176137
3291 3.039414119176137
4721 3.039414119176137
8760 3.039414119176137
7545 3.039414119176137
4733 3.039414119176137
6434 3.039414119176137
10872 1.8089651977978631
7701 3.039414119176137
8299 3.039414119176137
1606 3.039414119176137
623 3.039414119176137
7348 3.039414119176137
10959 3.039414119176137
3910 3.039414119176137
5333 3.039414119176137
230 2.738384123512156
6615 3.039414119176137
1589 3.039414119176137
8900 2.039414119176137
605 3.039414119176137
6635 2.340444114840118
3748 3.039414119176137
5528 3.039414119176137
6620 3.039414119176137
8536 3.039414119176137
3907 3.039414119176137
4175 3.039414119176137
7768 3.039414119176137
2210 3.039414119176137
4876 3.039414119176137
5562 3.039414119176137
3629 3.039414119176137
10219 3.039414119176137
9612 3.039414119176137
10819 3.039414119176137
2552 3.039414119176137
4844 3.039414119176137
9419 3.039414119176137
6938 3.039414119176137
10990 3.039414119176137
4624 3.039414119176137
10159 3.039414119176137
9775 3.039414119176137
5410 3.039414119176137
1046 3.039414119176137
11646 3.039414119176137
5719 3.039414119176137
7373 3.039414119176137
642 3.039414119176137
8080 3.039414119176137
4230 3.039414119176137
7172 3.039414119176137
2510 3.039414119176137
4250 3.039414119176137
10329 3.039414119176137
9396 3.039414119176137
4967 3.039414119176137
4407 3.039414119176137
5509 3.039414119176137
5023 3.039414119176137
2516 3.039414119176137
5978 3.039414119176137
1945 3.039414119176137
9967 3.039414119176137
11337 3.039414119176137
1076 3.039414119176137
6296 3.039414119176137
11942 3.039414119176137
10282 3.039414119176137
9176 3.039414119176137
2076 3.039414119176137
11295 3.039414119176137
4525 3.039414119176137
3220 3.039414119176137
1884 3.039414119176137
3772 3.039414119176137
11925 3.039414119176137
8148 3.039414119176137
2333 3.039414119176137
7987 3.039414119176137
149 3.039414119176137
9750 3.039414119176137
4750 3.039414119176137
262 2.738384123512156
4409 3.039414119176137
10856 2.1943160791618803
4422 3.039414119176137
4308 2.2612628687924934
1443 3.039414119176137
10755 3.039414119176137
10012 3.039414119176137
