351
t_index tf-idf 
11996 2.085171609736812
4977 3.039414119176137
1948 2.5622928644564746
12230 1.8633228601204557
7511 2.738384123512156
4022 3.039414119176137
8274 1.1881557704570618
9935 1.9602328731285121
6762 2.5622928644564746
955 2.738384123512156
9587 2.738384123512156
9091 3.039414119176137
2056 3.039414119176137
9289 3.039414119176137
939 2.5622928644564746
10355 3.039414119176137
3342 2.340444114840118
7902 2.4373541278481747
69 3.039414119176137
10977 2.738384123512156
12192 2.2612628687924934
210 3.039414119176137
5022 3.039414119176137
10923 2.738384123512156
8397 3.039414119176137
8201 2.2612628687924934
8659 3.039414119176137
11050 3.039414119176137
3284 3.039414119176137
10460 3.039414119176137
3918 3.039414119176137
3441 3.039414119176137
6382 3.039414119176137
11209 3.039414119176137
10630 3.039414119176137
10182 3.039414119176137
8553 3.039414119176137
10272 3.039414119176137
9791 3.039414119176137
5654 3.039414119176137
6040 2.738384123512156
4157 3.039414119176137
3647 3.039414119176137
8584 3.039414119176137
1815 3.039414119176137
3459 3.039414119176137
6030 3.039414119176137
7222 1.9980214340179119
11241 2.340444114840118
10544 3.039414119176137
9224 2.340444114840118
4114 3.039414119176137
1563 3.039414119176137
11008 2.4373541278481747
2740 3.039414119176137
10566 3.039414119176137
11707 3.039414119176137
10506 2.738384123512156
8465 3.039414119176137
236 3.039414119176137
7437 3.039414119176137
12229 2.4373541278481747
481 3.039414119176137
10765 3.039414119176137
4199 3.039414119176137
10374 3.039414119176137
2457 3.039414119176137
5972 3.039414119176137
11838 3.039414119176137
1049 3.039414119176137
3182 3.039414119176137
6867 2.4373541278481747
9290 3.039414119176137
5283 3.039414119176137
12058 3.039414119176137
4489 3.039414119176137
6619 3.039414119176137
11798 2.4373541278481747
5856 3.039414119176137
3518 3.039414119176137
1101 2.738384123512156
7064 3.039414119176137
2068 3.039414119176137
10265 2.1943160791618803
7376 3.039414119176137
12104 3.039414119176137
1547 3.039414119176137
3427 3.039414119176137
332 3.039414119176137
6766 3.039414119176137
10209 3.039414119176137
9815 3.039414119176137
9229 3.039414119176137
6195 3.039414119176137
9342 3.039414119176137
9581 3.039414119176137
5372 3.039414119176137
2350 3.039414119176137
4182 3.039414119176137
9658 3.039414119176137
2544 2.1943160791618803
10618 3.039414119176137
2377 3.039414119176137
9719 3.039414119176137
10405 3.039414119176137
9746 3.039414119176137
3068 3.039414119176137
8164 3.039414119176137
6381 2.340444114840118
1122 3.039414119176137
4627 3.039414119176137
1331 2.4373541278481747
11039 3.039414119176137
1090 3.039414119176137
1721 3.039414119176137
12030 3.039414119176137
11983 3.039414119176137
2808 3.039414119176137
6556 3.039414119176137
2982 3.039414119176137
8230 3.039414119176137
2945 3.039414119176137
3935 3.039414119176137
5084 3.039414119176137
2062 3.039414119176137
9374 3.039414119176137
1034 3.039414119176137
6740 3.039414119176137
1932 3.039414119176137
7603 2.5622928644564746
1530 2.4373541278481747
7577 3.039414119176137
3701 3.039414119176137
3789 2.5622928644564746
3175 3.039414119176137
3343 3.039414119176137
1929 3.039414119176137
9095 3.039414119176137
8803 3.039414119176137
4186 3.039414119176137
2122 3.039414119176137
2219 2.738384123512156
2359 2.4373541278481747
11616 3.039414119176137
3273 3.039414119176137
195 3.039414119176137
6238 3.039414119176137
1435 3.039414119176137
3191 3.039414119176137
4648 3.039414119176137
3749 3.039414119176137
9100 3.039414119176137
10649 3.039414119176137
8353 3.039414119176137
1401 2.738384123512156
8821 3.039414119176137
653 3.039414119176137
7436 3.039414119176137
9523 3.039414119176137
6785 3.039414119176137
10588 3.039414119176137
248 3.039414119176137
77 3.039414119176137
7522 3.039414119176137
10178 3.039414119176137
1935 2.4373541278481747
6259 3.039414119176137
3997 3.039414119176137
7206 3.039414119176137
2737 3.039414119176137
4435 3.039414119176137
2678 3.039414119176137
5984 2.738384123512156
4420 2.2612628687924934
8114 2.2612628687924934
9218 3.039414119176137
9588 2.340444114840118
7552 3.039414119176137
1036 2.4373541278481747
5249 3.039414119176137
3421 3.039414119176137
1675 3.039414119176137
1286 3.039414119176137
10013 3.039414119176137
7785 3.039414119176137
10523 3.039414119176137
6746 2.4373541278481747
3850 2.738384123512156
8840 2.5622928644564746
6223 2.5622928644564746
8302 2.738384123512156
2255 3.039414119176137
7776 3.039414119176137
8892 2.5622928644564746
2725 3.039414119176137
7748 3.039414119176137
10792 2.738384123512156
1334 3.039414119176137
12017 2.5622928644564746
6051 3.039414119176137
11961 3.039414119176137
4754 3.039414119176137
3253 3.039414119176137
9770 3.039414119176137
10268 3.039414119176137
3999 2.4373541278481747
3570 3.039414119176137
5975 3.039414119176137
7145 3.039414119176137
6180 2.5622928644564746
613 3.039414119176137
2686 3.039414119176137
663 2.5622928644564746
11119 3.039414119176137
5325 3.039414119176137
7860 3.039414119176137
7183 3.039414119176137
11569 2.738384123512156
5727 2.738384123512156
2654 2.738384123512156
8924 3.039414119176137
10363 3.039414119176137
10828 3.039414119176137
478 2.340444114840118
8337 3.039414119176137
6096 3.039414119176137
9531 2.738384123512156
697 2.4373541278481747
4681 3.039414119176137
5819 3.039414119176137
8324 3.039414119176137
11749 3.039414119176137
10128 3.039414119176137
10086 3.039414119176137
9526 2.5622928644564746
9613 3.039414119176137
330 3.039414119176137
90 3.039414119176137
1736 3.039414119176137
2268 3.039414119176137
11196 3.039414119176137
4259 3.039414119176137
1551 2.738384123512156
7608 3.039414119176137
1872 3.039414119176137
11084 3.039414119176137
7804 3.039414119176137
1679 3.039414119176137
11063 3.039414119176137
1272 3.039414119176137
1883 3.039414119176137
201 3.039414119176137
9870 3.039414119176137
5600 3.039414119176137
1341 3.039414119176137
5987 3.039414119176137
7270 2.4373541278481747
454 3.039414119176137
11020 3.039414119176137
1391 3.039414119176137
1599 3.039414119176137
3801 3.039414119176137
9752 3.039414119176137
10727 3.039414119176137
9680 3.039414119176137
10844 2.738384123512156
5308 3.039414119176137
8509 3.039414119176137
3559 3.039414119176137
8817 2.738384123512156
1340 3.039414119176137
8362 3.039414119176137
2083 3.039414119176137
3877 3.039414119176137
5776 3.039414119176137
1442 3.039414119176137
6151 3.039414119176137
660 2.738384123512156
3385 3.039414119176137
3383 3.039414119176137
1244 2.738384123512156
11251 3.039414119176137
2340 3.039414119176137
6891 2.738384123512156
8390 3.039414119176137
2656 3.039414119176137
7811 2.738384123512156
3779 3.039414119176137
6188 2.738384123512156
1894 3.039414119176137
3059 3.039414119176137
2940 3.039414119176137
8903 3.039414119176137
1723 3.039414119176137
2106 3.039414119176137
799 3.039414119176137
6991 2.738384123512156
9060 3.039414119176137
11463 3.039414119176137
4233 3.039414119176137
5379 3.039414119176137
9960 3.039414119176137
1722 3.039414119176137
868 3.039414119176137
9099 3.039414119176137
12038 3.039414119176137
578 3.039414119176137
9953 3.039414119176137
11858 3.039414119176137
10951 2.4373541278481747
9000 2.738384123512156
3137 3.039414119176137
11912 3.039414119176137
5118 3.039414119176137
9111 3.039414119176137
3133 3.039414119176137
1085 2.5622928644564746
5447 3.039414119176137
3912 3.039414119176137
11941 3.039414119176137
898 3.039414119176137
3990 3.039414119176137
8299 3.039414119176137
4350 3.039414119176137
3074 3.039414119176137
9971 3.039414119176137
9473 3.039414119176137
4878 3.039414119176137
10080 3.039414119176137
3575 3.039414119176137
5674 3.039414119176137
9545 3.039414119176137
8536 3.039414119176137
4876 3.039414119176137
11547 3.039414119176137
447 3.039414119176137
7169 3.039414119176137
7599 3.039414119176137
9094 3.039414119176137
8116 3.039414119176137
8196 3.039414119176137
11426 3.039414119176137
4799 3.039414119176137
10402 3.039414119176137
193 3.039414119176137
12217 3.039414119176137
9768 3.039414119176137
10578 3.039414119176137
9937 3.039414119176137
1314 3.039414119176137
3278 3.039414119176137
