263
t_index tf-idf 
1948 2.5622928644564746
80 3.039414119176137
7511 2.738384123512156
2314 3.039414119176137
8274 1.1881557704570618
12151 3.039414119176137
5513 2.738384123512156
11043 2.738384123512156
127 3.039414119176137
937 3.039414119176137
1204 3.039414119176137
4548 3.039414119176137
2279 3.039414119176137
7692 3.039414119176137
8656 3.039414119176137
10696 2.738384123512156
2163 3.039414119176137
663 2.5622928644564746
9289 3.039414119176137
10232 3.039414119176137
8702 3.039414119176137
11019 3.039414119176137
6408 3.039414119176137
1713 3.039414119176137
664 3.039414119176137
3342 2.340444114840118
7902 2.4373541278481747
3093 3.039414119176137
4963 3.039414119176137
10977 2.738384123512156
7860 3.039414119176137
2883 2.738384123512156
1500 2.738384123512156
3579 3.039414119176137
10585 3.039414119176137
7941 2.340444114840118
279 2.5622928644564746
4167 3.039414119176137
7944 2.4373541278481747
10593 3.039414119176137
8201 2.2612628687924934
8507 2.738384123512156
6920 2.1363241321841935
10228 3.039414119176137
11436 2.1363241321841935
6759 3.039414119176137
11943 2.5622928644564746
10105 3.039414119176137
11569 2.738384123512156
4668 2.738384123512156
10526 3.039414119176137
6382 3.039414119176137
12103 2.5622928644564746
1068 3.039414119176137
2654 2.738384123512156
8330 3.039414119176137
5621 3.039414119176137
10363 3.039414119176137
9219 3.039414119176137
1009 2.738384123512156
8522 3.039414119176137
366 2.738384123512156
2264 2.738384123512156
1719 3.039414119176137
8335 3.039414119176137
7222 1.9980214340179119
6121 3.039414119176137
4062 3.039414119176137
7704 3.039414119176137
5191 3.039414119176137
3387 3.039414119176137
10828 3.039414119176137
8119 2.738384123512156
5958 3.039414119176137
85 3.039414119176137
478 2.340444114840118
9224 2.340444114840118
1641 3.039414119176137
8047 3.039414119176137
4048 3.039414119176137
3764 3.039414119176137
4114 3.039414119176137
3256 3.039414119176137
8232 3.039414119176137
11866 2.738384123512156
7991 3.039414119176137
10566 3.039414119176137
4140 3.039414119176137
6052 3.039414119176137
2681 2.340444114840118
6383 3.039414119176137
10506 2.738384123512156
5603 3.039414119176137
9050 2.340444114840118
2760 3.039414119176137
4196 3.039414119176137
640 3.039414119176137
8494 2.4373541278481747
9554 3.039414119176137
10435 2.5622928644564746
9914 3.039414119176137
11838 3.039414119176137
2875 3.039414119176137
159 3.039414119176137
9290 3.039414119176137
7732 3.039414119176137
8169 3.039414119176137
10927 3.039414119176137
7445 3.039414119176137
4793 3.039414119176137
3033 3.039414119176137
3643 3.039414119176137
10265 2.1943160791618803
110 3.039414119176137
9404 3.039414119176137
6901 3.039414119176137
2800 2.340444114840118
1306 3.039414119176137
6589 3.039414119176137
1390 3.039414119176137
1873 3.039414119176137
3081 3.039414119176137
2652 3.039414119176137
2990 3.039414119176137
2170 2.4373541278481747
7218 3.039414119176137
8149 2.5622928644564746
7919 3.039414119176137
2350 3.039414119176137
6626 2.5622928644564746
6253 3.039414119176137
8528 3.039414119176137
9871 2.738384123512156
2544 2.1943160791618803
5640 3.039414119176137
7608 3.039414119176137
1572 3.039414119176137
3712 2.738384123512156
10954 3.039414119176137
9068 3.039414119176137
3444 3.039414119176137
5781 3.039414119176137
1530 2.4373541278481747
1883 3.039414119176137
3343 3.039414119176137
698 3.039414119176137
11601 3.039414119176137
3907 3.039414119176137
1562 3.039414119176137
5514 3.039414119176137
7768 3.039414119176137
3588 3.039414119176137
319 3.039414119176137
7436 3.039414119176137
9618 3.039414119176137
1313 3.039414119176137
5987 3.039414119176137
831 3.039414119176137
1307 3.039414119176137
6796 3.039414119176137
7412 3.039414119176137
6478 3.039414119176137
10485 3.039414119176137
4420 2.2612628687924934
197 3.039414119176137
1791 3.039414119176137
10641 3.039414119176137
9218 3.039414119176137
3439 3.039414119176137
614 3.039414119176137
3627 2.5622928644564746
2105 3.039414119176137
7629 2.738384123512156
5101 3.039414119176137
2243 3.039414119176137
6938 3.039414119176137
3331 2.340444114840118
8319 3.039414119176137
6845 3.039414119176137
2441 3.039414119176137
8568 3.039414119176137
5339 3.039414119176137
1007 3.039414119176137
4624 3.039414119176137
2643 2.738384123512156
3421 3.039414119176137
6036 2.5622928644564746
578 3.039414119176137
5196 3.039414119176137
7785 3.039414119176137
6607 3.039414119176137
10523 3.039414119176137
11765 3.039414119176137
5374 3.039414119176137
4967 3.039414119176137
11710 3.039414119176137
10697 3.039414119176137
3850 2.738384123512156
11882 3.039414119176137
10844 2.738384123512156
8394 3.039414119176137
8840 2.5622928644564746
11931 2.738384123512156
4118 3.039414119176137
8922 3.039414119176137
10538 3.039414119176137
3370 3.039414119176137
10014 3.039414119176137
8789 3.039414119176137
6597 3.039414119176137
9940 3.039414119176137
2331 3.039414119176137
8088 3.039414119176137
11781 3.039414119176137
5229 3.039414119176137
6771 3.039414119176137
8978 3.039414119176137
9230 3.039414119176137
8852 3.039414119176137
11400 3.039414119176137
3129 3.039414119176137
1630 3.039414119176137
8822 3.039414119176137
3440 3.039414119176137
6772 2.738384123512156
7287 3.039414119176137
3658 3.039414119176137
7930 3.039414119176137
10757 3.039414119176137
4518 3.039414119176137
2745 3.039414119176137
43 3.039414119176137
10792 2.738384123512156
3076 3.039414119176137
9981 3.039414119176137
6060 3.039414119176137
11528 3.039414119176137
5127 3.039414119176137
770 3.039414119176137
6917 3.039414119176137
5322 3.039414119176137
1794 3.039414119176137
1179 3.039414119176137
3378 3.039414119176137
7140 2.738384123512156
1358 3.039414119176137
4521 2.738384123512156
5118 3.039414119176137
8148 3.039414119176137
8781 3.039414119176137
3794 3.039414119176137
4897 3.039414119176137
3313 3.039414119176137
10508 3.039414119176137
10268 3.039414119176137
9053 3.039414119176137
8183 3.039414119176137
2238 3.039414119176137
3767 3.039414119176137
3287 3.039414119176137
3648 3.039414119176137
5398 2.340444114840118
2437 3.039414119176137
