364
t_index tf-idf 
1948 2.5622928644564746
12230 1.8633228601204557
11764 3.039414119176137
4022 3.039414119176137
7511 2.738384123512156
9935 1.9602328731285121
6762 2.5622928644564746
8765 3.039414119176137
955 2.738384123512156
9587 2.738384123512156
9929 3.039414119176137
9289 3.039414119176137
8461 3.039414119176137
6408 3.039414119176137
8276 2.5622928644564746
3342 2.340444114840118
7902 2.4373541278481747
69 3.039414119176137
10977 2.738384123512156
12192 2.2612628687924934
210 3.039414119176137
5022 3.039414119176137
10923 2.738384123512156
9586 3.039414119176137
1500 2.738384123512156
6920 2.1363241321841935
10593 3.039414119176137
5443 3.039414119176137
8201 2.2612628687924934
8959 3.039414119176137
3072 3.039414119176137
3284 3.039414119176137
5218 3.039414119176137
6040 2.738384123512156
9219 3.039414119176137
9783 3.039414119176137
5945 3.039414119176137
11241 2.340444114840118
3623 2.5622928644564746
8119 2.738384123512156
9224 2.340444114840118
12114 1.8352941365202122
11008 2.4373541278481747
2740 3.039414119176137
10539 3.039414119176137
10506 2.738384123512156
628 3.039414119176137
4726 3.039414119176137
6133 2.738384123512156
6273 3.039414119176137
562 2.340444114840118
10374 3.039414119176137
481 3.039414119176137
5972 3.039414119176137
11838 3.039414119176137
2875 3.039414119176137
7460 3.039414119176137
6867 2.4373541278481747
11798 2.4373541278481747
5856 3.039414119176137
10265 2.1943160791618803
2990 3.039414119176137
8664 3.039414119176137
7218 3.039414119176137
6252 3.039414119176137
2350 3.039414119176137
11867 3.039414119176137
5093 3.039414119176137
10405 3.039414119176137
2808 3.039414119176137
2982 3.039414119176137
6224 3.039414119176137
11812 3.039414119176137
480 3.039414119176137
3749 3.039414119176137
10707 3.039414119176137
367 1.8633228601204557
7436 3.039414119176137
9247 3.039414119176137
7674 3.039414119176137
10961 3.039414119176137
3315 3.039414119176137
2266 3.039414119176137
2915 3.039414119176137
5984 2.738384123512156
4420 2.2612628687924934
959 3.039414119176137
8114 2.2612628687924934
9218 3.039414119176137
8173 2.738384123512156
7516 3.039414119176137
8843 2.738384123512156
9588 2.340444114840118
11362 3.039414119176137
6249 3.039414119176137
12034 2.738384123512156
1036 2.4373541278481747
4912 2.738384123512156
10814 3.039414119176137
3421 3.039414119176137
5849 3.039414119176137
1675 3.039414119176137
11894 2.1363241321841935
10013 3.039414119176137
7785 3.039414119176137
6746 2.4373541278481747
3852 3.039414119176137
8840 2.5622928644564746
6223 2.5622928644564746
9934 3.039414119176137
7776 3.039414119176137
10014 3.039414119176137
7999 2.738384123512156
3263 3.039414119176137
1227 3.039414119176137
10792 2.738384123512156
5324 3.039414119176137
10055 2.738384123512156
9534 3.039414119176137
3522 2.738384123512156
4053 3.039414119176137
7140 2.738384123512156
8124 3.039414119176137
803 3.039414119176137
993 2.738384123512156
6221 3.039414119176137
3856 3.039414119176137
722 3.039414119176137
7145 3.039414119176137
3252 2.5622928644564746
2437 3.039414119176137
7217 3.039414119176137
11674 3.039414119176137
2314 3.039414119176137
3560 2.738384123512156
11968 2.738384123512156
6126 3.039414119176137
9340 3.039414119176137
3636 3.039414119176137
3987 3.039414119176137
10696 2.738384123512156
663 2.5622928644564746
10772 3.039414119176137
2503 2.738384123512156
7183 3.039414119176137
8886 3.039414119176137
11436 2.1363241321841935
10922 3.039414119176137
11569 2.738384123512156
5062 3.039414119176137
10633 3.039414119176137
3567 6.078828238352274
8923 3.039414119176137
9236 3.039414119176137
7589 3.039414119176137
10605 9.11824235752841
7595 3.039414119176137
2736 3.039414119176137
4292 3.039414119176137
1068 3.039414119176137
8631 3.039414119176137
8807 3.039414119176137
11237 6.078828238352274
984 3.039414119176137
5141 3.039414119176137
3585 3.039414119176137
9533 3.039414119176137
3452 3.039414119176137
9096 3.039414119176137
11381 3.039414119176137
10124 3.039414119176137
7084 12.157656476704547
3040 3.039414119176137
2373 3.039414119176137
2492 3.039414119176137
8853 3.039414119176137
11291 3.039414119176137
2264 2.738384123512156
3041 3.039414119176137
10341 3.039414119176137
11471 3.039414119176137
2557 2.4373541278481747
1128 2.5622928644564746
10142 3.039414119176137
11549 3.039414119176137
9216 3.039414119176137
9901 3.039414119176137
1121 3.039414119176137
2211 3.039414119176137
11348 3.039414119176137
2612 3.039414119176137
3586 3.039414119176137
5958 3.039414119176137
6650 3.039414119176137
2914 3.039414119176137
10440 3.039414119176137
10505 6.078828238352274
1866 3.039414119176137
6674 3.039414119176137
2257 3.039414119176137
7035 3.039414119176137
2462 3.039414119176137
5085 3.039414119176137
6980 3.039414119176137
10385 3.039414119176137
5806 6.078828238352274
3256 3.039414119176137
1053 3.039414119176137
8163 6.078828238352274
10210 3.039414119176137
8232 3.039414119176137
10234 3.039414119176137
4879 3.039414119176137
7313 3.039414119176137
2128 3.039414119176137
697 2.4373541278481747
10406 3.039414119176137
8699 3.039414119176137
8597 3.039414119176137
4131 3.039414119176137
8075 3.039414119176137
4847 3.039414119176137
2993 3.039414119176137
5173 3.039414119176137
5603 6.078828238352274
8930 3.039414119176137
3236 3.039414119176137
4223 3.039414119176137
10476 3.039414119176137
2327 3.039414119176137
4838 3.039414119176137
11097 3.039414119176137
3473 3.039414119176137
8669 3.039414119176137
4499 3.039414119176137
8141 3.039414119176137
439 3.039414119176137
8928 3.039414119176137
11749 3.039414119176137
3595 3.039414119176137
6107 3.039414119176137
11635 3.039414119176137
6641 3.039414119176137
5018 6.078828238352274
4472 3.039414119176137
2137 2.738384123512156
2081 3.039414119176137
3371 3.039414119176137
1848 3.039414119176137
4459 3.039414119176137
10525 2.738384123512156
2029 3.039414119176137
8740 3.039414119176137
8389 3.039414119176137
8725 2.738384123512156
3541 3.039414119176137
11311 3.039414119176137
2857 3.039414119176137
1390 3.039414119176137
6916 3.039414119176137
330 3.039414119176137
1906 3.039414119176137
1551 2.738384123512156
7608 3.039414119176137
10259 3.039414119176137
1679 3.039414119176137
8178 3.039414119176137
7933 3.039414119176137
2159 3.039414119176137
3283 3.039414119176137
4843 3.039414119176137
7193 3.039414119176137
4875 2.738384123512156
2782 3.039414119176137
8198 3.039414119176137
3428 3.039414119176137
5196 3.039414119176137
7142 3.039414119176137
3861 2.039414119176137
3559 3.039414119176137
276 3.039414119176137
10570 3.039414119176137
2083 3.039414119176137
7567 3.039414119176137
7164 3.039414119176137
2442 3.039414119176137
3755 3.039414119176137
3313 3.039414119176137
2443 3.039414119176137
8924 3.039414119176137
1228 3.039414119176137
7066 3.039414119176137
8702 3.039414119176137
2075 3.039414119176137
2150 3.039414119176137
7405 3.039414119176137
1518 3.039414119176137
8759 3.039414119176137
2682 2.039414119176137
557 2.738384123512156
5224 3.039414119176137
2432 2.738384123512156
11164 3.039414119176137
4607 3.039414119176137
3723 2.738384123512156
3739 3.039414119176137
4140 3.039414119176137
10331 3.039414119176137
8403 3.039414119176137
532 3.039414119176137
11928 3.039414119176137
6901 3.039414119176137
8448 3.039414119176137
8390 3.039414119176137
2214 3.039414119176137
2656 3.039414119176137
9531 2.738384123512156
10072 3.039414119176137
3699 3.039414119176137
3583 3.039414119176137
7811 2.738384123512156
3059 3.039414119176137
2633 2.2612628687924934
3695 2.738384123512156
11835 3.039414119176137
5281 3.039414119176137
2764 3.039414119176137
6271 3.039414119176137
8894 3.039414119176137
3086 3.039414119176137
10951 2.4373541278481747
8724 2.738384123512156
2847 3.039414119176137
6631 3.039414119176137
2806 3.039414119176137
2188 3.039414119176137
3653 3.039414119176137
5114 3.039414119176137
1446 3.039414119176137
7510 3.039414119176137
11750 3.039414119176137
7331 3.039414119176137
5208 3.039414119176137
2811 3.039414119176137
6418 3.039414119176137
8371 3.039414119176137
2792 3.039414119176137
898 3.039414119176137
3990 3.039414119176137
8330 3.039414119176137
706 3.039414119176137
5344 3.039414119176137
9518 3.039414119176137
9545 3.039414119176137
7768 3.039414119176137
4876 3.039414119176137
11673 3.039414119176137
9396 3.039414119176137
3144 3.039414119176137
3842 3.039414119176137
10518 3.039414119176137
9937 3.039414119176137
11277 3.039414119176137
10682 3.039414119176137
