310
t_index tf-idf 
115 3.039414119176137
3697 3.039414119176137
11072 3.039414119176137
4022 3.039414119176137
8274 1.1881557704570618
2148 3.039414119176137
12105 3.039414119176137
132 3.039414119176137
8262 3.039414119176137
10137 3.039414119176137
11433 3.039414119176137
10119 3.039414119176137
10490 3.039414119176137
907 3.039414119176137
2056 3.039414119176137
1903 3.039414119176137
8702 3.039414119176137
664 3.039414119176137
3342 2.340444114840118
7902 2.4373541278481747
2481 3.039414119176137
1620 3.039414119176137
8363 3.039414119176137
3093 3.039414119176137
10977 2.738384123512156
12192 2.2612628687924934
4308 2.2612628687924934
6224 3.039414119176137
6455 2.738384123512156
1500 2.738384123512156
2239 3.039414119176137
6920 2.1363241321841935
7504 3.039414119176137
2017 2.5622928644564746
8507 2.738384123512156
8201 2.2612628687924934
12155 3.039414119176137
2150 3.039414119176137
1871 2.738384123512156
11436 2.1363241321841935
8104 2.738384123512156
6479 3.039414119176137
1609 3.039414119176137
7585 3.039414119176137
7405 3.039414119176137
6759 3.039414119176137
2109 3.039414119176137
11569 2.738384123512156
6747 3.039414119176137
2110 3.039414119176137
4324 3.039414119176137
7371 2.738384123512156
11209 3.039414119176137
8675 3.039414119176137
5727 2.738384123512156
10272 3.039414119176137
2654 2.738384123512156
7152 3.039414119176137
8759 3.039414119176137
557 2.738384123512156
4380 3.039414119176137
10495 3.039414119176137
8522 3.039414119176137
6030 3.039414119176137
4943 2.5622928644564746
2264 2.738384123512156
12190 3.039414119176137
2557 2.4373541278481747
5349 3.039414119176137
7222 1.9980214340179119
10222 3.039414119176137
366 2.738384123512156
2200 3.039414119176137
8119 2.738384123512156
8463 3.039414119176137
8819 3.039414119176137
6650 3.039414119176137
7168 3.039414119176137
9182 3.039414119176137
2480 3.039414119176137
10409 3.039414119176137
10769 3.039414119176137
8921 3.039414119176137
2025 3.039414119176137
4391 3.039414119176137
12114 1.8352941365202122
6381 2.340444114840118
697 2.4373541278481747
4142 3.039414119176137
5819 3.039414119176137
236 3.039414119176137
7437 3.039414119176137
9050 2.340444114840118
4196 3.039414119176137
481 3.039414119176137
5396 3.039414119176137
202 3.039414119176137
8926 3.039414119176137
5972 3.039414119176137
8928 3.039414119176137
11749 3.039414119176137
5454 3.039414119176137
10903 3.039414119176137
10095 3.039414119176137
11413 3.039414119176137
11838 3.039414119176137
2875 3.039414119176137
2137 2.738384123512156
7460 3.039414119176137
215 3.039414119176137
9290 3.039414119176137
9243 1.6969914383539308
11783 3.039414119176137
8468 3.039414119176137
11176 3.039414119176137
2081 3.039414119176137
4236 3.039414119176137
159 3.039414119176137
6836 2.738384123512156
2067 3.039414119176137
5373 3.039414119176137
8171 3.039414119176137
7192 3.039414119176137
9519 2.340444114840118
10265 2.1943160791618803
6333 3.039414119176137
280 3.039414119176137
110 3.039414119176137
6891 2.738384123512156
3117 3.039414119176137
9526 2.5622928644564746
3081 3.039414119176137
9815 3.039414119176137
8424 3.039414119176137
10881 3.039414119176137
2078 3.039414119176137
150 3.039414119176137
8277 3.039414119176137
42 3.039414119176137
2882 3.039414119176137
7925 3.039414119176137
1906 3.039414119176137
6252 3.039414119176137
5372 3.039414119176137
3598 2.738384123512156
2350 3.039414119176137
11867 3.039414119176137
2949 3.039414119176137
2966 3.039414119176137
2544 2.1943160791618803
1736 3.039414119176137
9719 3.039414119176137
3163 3.039414119176137
4259 3.039414119176137
5640 3.039414119176137
11521 3.039414119176137
1551 2.738384123512156
4402 3.039414119176137
7608 3.039414119176137
4732 9.11824235752841
7352 3.039414119176137
7031 3.039414119176137
10918 3.039414119176137
11950 3.039414119176137
3272 3.039414119176137
6264 3.039414119176137
82 3.039414119176137
7832 3.039414119176137
7370 3.039414119176137
163 3.039414119176137
808 3.039414119176137
8941 3.039414119176137
11626 3.039414119176137
5781 3.039414119176137
11790 3.039414119176137
5991 3.039414119176137
10139 6.078828238352274
5667 3.039414119176137
1854 3.039414119176137
2405 3.039414119176137
4827 3.039414119176137
201 3.039414119176137
6188 2.738384123512156
9242 2.085171609736812
5013 3.039414119176137
10707 3.039414119176137
8052 3.039414119176137
367 1.8633228601204557
5996 3.039414119176137
7438 2.4373541278481747
4034 3.039414119176137
3838 3.039414119176137
6785 3.039414119176137
5092 3.039414119176137
5464 3.039414119176137
1935 2.4373541278481747
5153 3.039414119176137
5361 2.5622928644564746
454 3.039414119176137
3662 3.039414119176137
3695 2.738384123512156
11673 3.039414119176137
5268 3.039414119176137
2157 3.039414119176137
6961 2.085171609736812
1391 3.039414119176137
3315 3.039414119176137
3283 3.039414119176137
3501 3.039414119176137
6307 3.039414119176137
11352 3.039414119176137
4420 2.2612628687924934
1047 3.039414119176137
8143 3.039414119176137
2275 3.039414119176137
1864 3.039414119176137
1362 3.039414119176137
2105 3.039414119176137
8843 2.738384123512156
2243 3.039414119176137
5263 3.039414119176137
9588 2.340444114840118
887 3.039414119176137
8711 3.039414119176137
11362 3.039414119176137
11717 3.039414119176137
5339 3.039414119176137
3537 3.039414119176137
1449 2.5622928644564746
2643 2.738384123512156
2089 3.039414119176137
5849 3.039414119176137
5196 3.039414119176137
11894 2.1363241321841935
1675 3.039414119176137
8146 3.039414119176137
11134 3.039414119176137
8311 3.039414119176137
4139 3.039414119176137
8936 3.039414119176137
11944 3.039414119176137
11765 3.039414119176137
5374 3.039414119176137
10951 2.4373541278481747
9112 3.039414119176137
6746 2.4373541278481747
12060 3.039414119176137
8724 2.738384123512156
8394 3.039414119176137
10112 2.738384123512156
2255 3.039414119176137
9078 3.039414119176137
4559 3.039414119176137
8892 2.5622928644564746
6664 3.039414119176137
11142 3.039414119176137
3861 2.039414119176137
7767 2.738384123512156
2883 2.738384123512156
4497 3.039414119176137
6230 3.039414119176137
3539 3.039414119176137
10365 3.039414119176137
1821 3.039414119176137
5352 3.039414119176137
7127 3.039414119176137
3658 3.039414119176137
10792 2.738384123512156
7510 3.039414119176137
8117 3.039414119176137
10590 3.039414119176137
5223 3.039414119176137
8307 3.039414119176137
6051 3.039414119176137
3300 2.4373541278481747
11961 3.039414119176137
7140 2.738384123512156
9576 3.039414119176137
8344 3.039414119176137
1519 2.738384123512156
3549 2.738384123512156
11125 3.039414119176137
4018 3.039414119176137
327 3.039414119176137
105 2.5622928644564746
4001 3.039414119176137
1879 3.039414119176137
3348 3.039414119176137
9883 3.039414119176137
3668 3.039414119176137
2596 3.039414119176137
6072 3.039414119176137
2675 3.039414119176137
5110 3.039414119176137
8973 3.039414119176137
7507 3.039414119176137
3643 3.039414119176137
383 3.039414119176137
5447 3.039414119176137
7531 3.039414119176137
722 3.039414119176137
5341 3.039414119176137
499 3.039414119176137
7145 3.039414119176137
2784 3.039414119176137
10748 3.039414119176137
3529 3.039414119176137
8314 2.738384123512156
1443 3.039414119176137
2640 3.039414119176137
