454
t_index tf-idf 
11996 2.085171609736812
4977 3.039414119176137
1948 2.5622928644564746
12230 1.8633228601204557
7511 2.738384123512156
4022 3.039414119176137
10310 3.039414119176137
8274 1.1881557704570618
9935 1.9602328731285121
6762 2.5622928644564746
11069 3.039414119176137
955 2.738384123512156
10137 3.039414119176137
9587 2.738384123512156
4289 3.039414119176137
10421 2.738384123512156
4973 2.5622928644564746
2056 3.039414119176137
9289 3.039414119176137
498 3.039414119176137
939 2.5622928644564746
10355 3.039414119176137
3342 2.340444114840118
7902 2.4373541278481747
69 3.039414119176137
8823 3.039414119176137
10977 2.738384123512156
12192 2.2612628687924934
210 3.039414119176137
5022 3.039414119176137
10923 2.738384123512156
11322 3.039414119176137
8397 3.039414119176137
11044 3.039414119176137
3072 3.039414119176137
8201 2.2612628687924934
8784 2.738384123512156
1609 3.039414119176137
11050 3.039414119176137
8104 2.738384123512156
10460 3.039414119176137
3918 3.039414119176137
6382 3.039414119176137
10630 3.039414119176137
11209 3.039414119176137
4781 3.039414119176137
10182 3.039414119176137
10272 3.039414119176137
9791 3.039414119176137
6040 2.738384123512156
8584 3.039414119176137
6030 3.039414119176137
3459 3.039414119176137
4943 2.5622928644564746
7222 1.9980214340179119
11241 2.340444114840118
8819 3.039414119176137
8047 3.039414119176137
9224 2.340444114840118
7168 3.039414119176137
10544 3.039414119176137
12085 3.039414119176137
2025 3.039414119176137
12114 1.8352941365202122
11008 2.4373541278481747
2740 3.039414119176137
10566 3.039414119176137
6900 3.039414119176137
11707 3.039414119176137
10506 2.738384123512156
236 3.039414119176137
10656 3.039414119176137
7437 3.039414119176137
6133 2.738384123512156
12229 2.4373541278481747
562 2.340444114840118
481 3.039414119176137
10765 3.039414119176137
4199 3.039414119176137
10374 3.039414119176137
2457 3.039414119176137
2820 3.039414119176137
2875 3.039414119176137
1138 3.039414119176137
1049 3.039414119176137
3182 3.039414119176137
6867 2.4373541278481747
9290 3.039414119176137
326 3.039414119176137
5283 3.039414119176137
4489 3.039414119176137
6619 3.039414119176137
11798 2.4373541278481747
5856 3.039414119176137
3518 3.039414119176137
1101 2.738384123512156
2067 3.039414119176137
7064 3.039414119176137
917 3.039414119176137
2068 3.039414119176137
10265 2.1943160791618803
7376 3.039414119176137
12104 3.039414119176137
1547 3.039414119176137
3427 3.039414119176137
332 3.039414119176137
9815 3.039414119176137
9229 3.039414119176137
5372 3.039414119176137
9581 3.039414119176137
2350 3.039414119176137
4182 3.039414119176137
9658 3.039414119176137
10618 3.039414119176137
2377 3.039414119176137
9719 3.039414119176137
3068 3.039414119176137
10405 3.039414119176137
8164 3.039414119176137
1331 2.4373541278481747
4627 3.039414119176137
11039 3.039414119176137
1721 3.039414119176137
1122 3.039414119176137
12030 3.039414119176137
12267 3.039414119176137
3052 3.039414119176137
2734 2.5622928644564746
8230 3.039414119176137
1090 3.039414119176137
2808 3.039414119176137
2982 3.039414119176137
5084 3.039414119176137
9374 3.039414119176137
8424 3.039414119176137
1034 3.039414119176137
6224 3.039414119176137
2062 3.039414119176137
1932 3.039414119176137
7603 2.5622928644564746
6740 3.039414119176137
8903 3.039414119176137
1530 2.4373541278481747
1929 3.039414119176137
11812 3.039414119176137
3789 2.5622928644564746
799 3.039414119176137
3343 3.039414119176137
9095 3.039414119176137
8803 3.039414119176137
4233 3.039414119176137
5379 3.039414119176137
9960 3.039414119176137
4186 3.039414119176137
2219 2.738384123512156
2359 2.4373541278481747
480 3.039414119176137
4960 3.039414119176137
2122 3.039414119176137
6238 3.039414119176137
11616 3.039414119176137
3273 3.039414119176137
195 3.039414119176137
3191 3.039414119176137
4648 3.039414119176137
10707 3.039414119176137
4127 3.039414119176137
1435 3.039414119176137
8821 3.039414119176137
653 3.039414119176137
7436 3.039414119176137
4034 3.039414119176137
6785 3.039414119176137
7522 3.039414119176137
6259 3.039414119176137
3997 3.039414119176137
7206 3.039414119176137
2737 3.039414119176137
1935 2.4373541278481747
5153 3.039414119176137
4435 3.039414119176137
10178 3.039414119176137
214 3.039414119176137
2678 3.039414119176137
9568 2.5622928644564746
2915 3.039414119176137
1661 3.039414119176137
5984 2.738384123512156
4420 2.2612628687924934
959 3.039414119176137
8114 2.2612628687924934
9218 3.039414119176137
8173 2.738384123512156
614 3.039414119176137
2353 3.039414119176137
9588 2.340444114840118
7552 3.039414119176137
863 3.039414119176137
11863 3.039414119176137
5006 3.039414119176137
1036 2.4373541278481747
1675 3.039414119176137
1286 3.039414119176137
4139 3.039414119176137
10013 3.039414119176137
7785 3.039414119176137
6607 3.039414119176137
6746 2.4373541278481747
3850 2.738384123512156
8840 2.5622928644564746
6223 2.5622928644564746
8302 2.738384123512156
2255 3.039414119176137
7776 3.039414119176137
12042 3.039414119176137
6597 3.039414119176137
8892 2.5622928644564746
11043 2.738384123512156
2725 3.039414119176137
1686 3.039414119176137
7748 3.039414119176137
10792 2.738384123512156
1334 3.039414119176137
9221 3.039414119176137
12017 2.5622928644564746
6051 3.039414119176137
11961 3.039414119176137
4754 3.039414119176137
7140 2.738384123512156
441 2.738384123512156
4897 3.039414119176137
3253 3.039414119176137
9770 3.039414119176137
10268 3.039414119176137
3999 2.4373541278481747
3570 3.039414119176137
6370 2.5622928644564746
5975 3.039414119176137
9345 3.039414119176137
992 3.039414119176137
7783 2.738384123512156
8968 2.5622928644564746
6180 2.5622928644564746
3252 2.5622928644564746
10226 3.039414119176137
3560 2.738384123512156
9340 3.039414119176137
11433 3.039414119176137
3636 3.039414119176137
10696 2.738384123512156
2686 3.039414119176137
663 2.5622928644564746
8899 3.039414119176137
7378 3.039414119176137
11119 3.039414119176137
5325 3.039414119176137
7860 3.039414119176137
7183 3.039414119176137
10228 3.039414119176137
11436 2.1363241321841935
10061 3.039414119176137
8675 3.039414119176137
5727 2.738384123512156
2654 2.738384123512156
8924 3.039414119176137
3805 3.039414119176137
2557 2.4373541278481747
10222 3.039414119176137
1518 3.039414119176137
478 2.340444114840118
10331 3.039414119176137
8337 3.039414119176137
6096 3.039414119176137
9531 2.738384123512156
4847 3.039414119176137
2832 2.738384123512156
11749 3.039414119176137
159 3.039414119176137
10128 3.039414119176137
2920 2.738384123512156
9526 2.5622928644564746
9613 3.039414119176137
90 3.039414119176137
2608 3.039414119176137
1736 3.039414119176137
2268 3.039414119176137
11196 3.039414119176137
4259 3.039414119176137
1551 2.738384123512156
7608 3.039414119176137
1872 3.039414119176137
11084 3.039414119176137
11854 3.039414119176137
1679 3.039414119176137
11063 3.039414119176137
1272 3.039414119176137
9320 3.039414119176137
1883 3.039414119176137
201 3.039414119176137
11156 3.039414119176137
9870 3.039414119176137
4902 3.039414119176137
1211 3.039414119176137
1397 3.039414119176137
7273 3.039414119176137
3724 3.039414119176137
9761 3.039414119176137
6736 3.039414119176137
1951 3.039414119176137
5767 3.039414119176137
8439 3.039414119176137
3938 3.039414119176137
2679 3.039414119176137
11141 3.039414119176137
3092 3.039414119176137
1341 3.039414119176137
3502 3.039414119176137
5164 3.039414119176137
10639 3.039414119176137
4438 3.039414119176137
7921 9.11824235752841
11447 3.039414119176137
6890 3.039414119176137
5987 3.039414119176137
10200 3.039414119176137
4997 3.039414119176137
11643 3.039414119176137
4092 3.039414119176137
3552 6.078828238352274
8719 3.039414119176137
3673 3.039414119176137
454 3.039414119176137
2190 3.039414119176137
1037 2.738384123512156
9174 3.039414119176137
11508 3.039414119176137
7270 2.4373541278481747
1391 3.039414119176137
1599 3.039414119176137
2243 3.039414119176137
9140 3.039414119176137
2441 3.039414119176137
3801 3.039414119176137
9752 3.039414119176137
10727 3.039414119176137
5196 3.039414119176137
9680 3.039414119176137
10844 2.738384123512156
5308 3.039414119176137
6251 3.039414119176137
8509 3.039414119176137
3269 3.039414119176137
3559 3.039414119176137
8817 2.738384123512156
1340 3.039414119176137
8362 3.039414119176137
2083 3.039414119176137
3877 3.039414119176137
5776 3.039414119176137
1212 3.039414119176137
7646 3.039414119176137
1713 3.039414119176137
660 2.738384123512156
8759 3.039414119176137
557 2.738384123512156
1641 3.039414119176137
9746 3.039414119176137
6381 2.340444114840118
7236 3.039414119176137
2340 3.039414119176137
6891 2.738384123512156
1352 3.039414119176137
2656 3.039414119176137
7811 2.738384123512156
3779 3.039414119176137
6188 2.738384123512156
1894 3.039414119176137
3059 3.039414119176137
10809 3.039414119176137
963 3.039414119176137
1723 3.039414119176137
2106 3.039414119176137
6991 2.738384123512156
1791 3.039414119176137
4286 3.039414119176137
7175 3.039414119176137
6271 3.039414119176137
9060 3.039414119176137
11463 3.039414119176137
1722 3.039414119176137
9099 3.039414119176137
12038 3.039414119176137
578 3.039414119176137
9953 3.039414119176137
11858 3.039414119176137
5374 3.039414119176137
10951 2.4373541278481747
3749 3.039414119176137
9100 3.039414119176137
2745 3.039414119176137
1401 2.738384123512156
9000 2.738384123512156
11912 3.039414119176137
8442 3.039414119176137
9111 3.039414119176137
3133 3.039414119176137
1085 2.5622928644564746
5447 3.039414119176137
2341 3.039414119176137
3149 3.039414119176137
2372 3.039414119176137
7331 3.039414119176137
3912 3.039414119176137
11941 3.039414119176137
8371 3.039414119176137
8125 3.039414119176137
7178 3.039414119176137
898 3.039414119176137
8299 3.039414119176137
1957 3.039414119176137
1962 3.039414119176137
4350 3.039414119176137
3074 3.039414119176137
9971 3.039414119176137
10129 3.039414119176137
10080 3.039414119176137
7919 3.039414119176137
6253 3.039414119176137
9545 3.039414119176137
8536 3.039414119176137
4876 3.039414119176137
11547 3.039414119176137
1038 2.738384123512156
447 3.039414119176137
7169 3.039414119176137
10087 3.039414119176137
5268 3.039414119176137
8012 3.039414119176137
9094 3.039414119176137
5155 3.039414119176137
4170 3.039414119176137
5600 3.039414119176137
4799 3.039414119176137
10402 3.039414119176137
193 3.039414119176137
11820 2.738384123512156
7401 3.039414119176137
10518 3.039414119176137
12217 3.039414119176137
10578 3.039414119176137
9937 3.039414119176137
3278 3.039414119176137
3332 3.039414119176137
3486 3.039414119176137
