633
t_index tf-idf 
11996 2.085171609736812
4977 3.039414119176137
6113 3.039414119176137
1948 2.5622928644564746
11898 3.039414119176137
4022 3.039414119176137
8279 3.039414119176137
8274 1.1881557704570618
12105 3.039414119176137
10137 3.039414119176137
5673 2.340444114840118
2056 3.039414119176137
9289 3.039414119176137
8461 3.039414119176137
6408 3.039414119176137
7695 3.039414119176137
7902 2.4373541278481747
6387 3.039414119176137
3652 3.039414119176137
7934 3.039414119176137
10977 2.738384123512156
12192 2.2612628687924934
210 3.039414119176137
5022 3.039414119176137
10923 2.738384123512156
1500 2.738384123512156
6920 2.1363241321841935
8507 2.738384123512156
8201 2.2612628687924934
8104 2.738384123512156
4767 3.039414119176137
4539 3.039414119176137
3498 3.039414119176137
11943 2.5622928644564746
3344 3.039414119176137
7808 3.039414119176137
6382 3.039414119176137
10182 3.039414119176137
12103 2.5622928644564746
5654 3.039414119176137
689 3.039414119176137
1009 2.738384123512156
1815 3.039414119176137
847 3.039414119176137
6030 3.039414119176137
1719 3.039414119176137
5945 3.039414119176137
3645 3.039414119176137
6121 3.039414119176137
7222 1.9980214340179119
11241 2.340444114840118
10821 3.039414119176137
9772 3.039414119176137
9224 2.340444114840118
2044 2.738384123512156
5311 3.039414119176137
5204 3.039414119176137
10392 3.039414119176137
4114 3.039414119176137
4761 3.039414119176137
12114 1.8352941365202122
5446 2.738384123512156
10541 3.039414119176137
3298 3.039414119176137
507 3.039414119176137
9386 3.039414119176137
509 3.039414119176137
10539 3.039414119176137
5683 3.039414119176137
10728 3.039414119176137
236 3.039414119176137
481 3.039414119176137
5972 3.039414119176137
424 3.039414119176137
11838 3.039414119176137
8619 3.039414119176137
1049 3.039414119176137
7460 3.039414119176137
326 3.039414119176137
9290 3.039414119176137
10046 3.039414119176137
8171 3.039414119176137
7064 3.039414119176137
2787 3.039414119176137
10265 2.1943160791618803
110 3.039414119176137
1547 3.039414119176137
7149 3.039414119176137
2990 3.039414119176137
9815 3.039414119176137
7218 3.039414119176137
2584 3.039414119176137
1706 3.039414119176137
9342 3.039414119176137
11254 3.039414119176137
11814 3.039414119176137
2350 3.039414119176137
11867 3.039414119176137
2544 2.1943160791618803
9436 3.039414119176137
10453 3.039414119176137
1331 2.4373541278481747
4471 3.039414119176137
5084 3.039414119176137
2519 3.039414119176137
7449 3.039414119176137
8424 3.039414119176137
2062 3.039414119176137
3175 3.039414119176137
6740 3.039414119176137
11812 3.039414119176137
2504 3.039414119176137
8951 2.738384123512156
2359 2.4373541278481747
4960 3.039414119176137
9100 3.039414119176137
3007 2.5622928644564746
10707 3.039414119176137
367 1.8633228601204557
7438 2.4373541278481747
7436 3.039414119176137
6259 3.039414119176137
420 3.039414119176137
5361 2.5622928644564746
72 3.039414119176137
6796 3.039414119176137
1615 3.039414119176137
2266 3.039414119176137
9568 2.5622928644564746
2915 3.039414119176137
579 3.039414119176137
4420 2.2612628687924934
9218 3.039414119176137
7423 3.039414119176137
8173 2.738384123512156
614 3.039414119176137
9046 3.039414119176137
1237 3.039414119176137
1174 3.039414119176137
8991 3.039414119176137
510 3.039414119176137
2807 3.039414119176137
2018 2.738384123512156
119 2.5622928644564746
12197 1.9980214340179119
8937 3.039414119176137
11863 3.039414119176137
10575 3.039414119176137
5339 3.039414119176137
4912 2.738384123512156
3421 3.039414119176137
1749 3.039414119176137
9434 3.039414119176137
1675 3.039414119176137
277 3.039414119176137
3777 2.2612628687924934
203 3.039414119176137
7502 3.039414119176137
6607 3.039414119176137
11765 3.039414119176137
4432 3.039414119176137
2313 3.039414119176137
6746 2.4373541278481747
11882 3.039414119176137
11980 3.039414119176137
6223 2.5622928644564746
10112 2.738384123512156
9310 3.039414119176137
5660 3.039414119176137
2255 3.039414119176137
4677 3.039414119176137
2671 3.039414119176137
10294 3.039414119176137
8892 2.5622928644564746
2725 3.039414119176137
8978 3.039414119176137
70 3.039414119176137
6772 2.738384123512156
6157 3.039414119176137
7127 3.039414119176137
11207 3.039414119176137
11094 3.039414119176137
958 3.039414119176137
10792 2.738384123512156
6874 3.039414119176137
2633 2.2612628687924934
4502 3.039414119176137
6388 3.039414119176137
6051 3.039414119176137
3733 2.738384123512156
3522 2.738384123512156
8223 3.039414119176137
4053 3.039414119176137
11961 3.039414119176137
8781 3.039414119176137
10795 3.039414119176137
4754 3.039414119176137
7140 2.738384123512156
7555 3.039414119176137
5915 3.039414119176137
178 2.5622928644564746
441 2.738384123512156
8832 3.039414119176137
4744 2.5622928644564746
3535 3.039414119176137
12198 1.9254707668693
3253 3.039414119176137
9770 3.039414119176137
3695 2.738384123512156
3999 2.4373541278481747
6221 3.039414119176137
4688 2.738384123512156
3377 3.039414119176137
10970 3.039414119176137
11766 3.039414119176137
3164 2.5622928644564746
11892 3.039414119176137
5975 3.039414119176137
8086 3.039414119176137
6180 2.5622928644564746
3252 2.5622928644564746
1835 3.039414119176137
1394 3.039414119176137
4379 2.738384123512156
632 3.039414119176137
2733 3.039414119176137
2314 3.039414119176137
3560 2.738384123512156
11968 2.738384123512156
9699 3.039414119176137
450 3.039414119176137
8040 3.039414119176137
8262 3.039414119176137
10696 2.738384123512156
8332 3.039414119176137
8785 3.039414119176137
4928 3.039414119176137
2716 3.039414119176137
7860 3.039414119176137
5281 3.039414119176137
5911 3.039414119176137
8623 2.4373541278481747
9338 3.039414119176137
3868 3.039414119176137
5816 3.039414119176137
6586 3.039414119176137
6430 3.039414119176137
6991 2.738384123512156
10228 3.039414119176137
11436 2.1363241321841935
6759 3.039414119176137
1791 3.039414119176137
10922 3.039414119176137
3574 2.738384123512156
11569 2.738384123512156
8326 3.039414119176137
11237 3.039414119176137
6992 3.039414119176137
3971 3.039414119176137
8522 3.039414119176137
10341 3.039414119176137
8718 3.039414119176137
7892 3.039414119176137
10140 3.039414119176137
1518 3.039414119176137
10828 3.039414119176137
1002 3.039414119176137
5958 3.039414119176137
478 2.340444114840118
5156 3.039414119176137
6674 3.039414119176137
10902 3.039414119176137
5085 3.039414119176137
8337 3.039414119176137
11866 2.738384123512156
10512 3.039414119176137
9531 2.738384123512156
697 2.4373541278481747
5819 3.039414119176137
8494 2.4373541278481747
2575 3.039414119176137
15 3.039414119176137
8141 3.039414119176137
11930 3.039414119176137
11172 3.039414119176137
5018 3.039414119176137
7420 3.039414119176137
4373 3.039414119176137
1271 3.039414119176137
2918 3.039414119176137
5121 3.039414119176137
839 3.039414119176137
10161 3.039414119176137
3268 3.039414119176137
9526 2.5622928644564746
9613 3.039414119176137
330 3.039414119176137
7008 3.039414119176137
90 3.039414119176137
726 3.039414119176137
10966 3.039414119176137
2882 3.039414119176137
1906 3.039414119176137
10661 3.039414119176137
2608 3.039414119176137
3851 3.039414119176137
7789 3.039414119176137
470 3.039414119176137
1551 2.738384123512156
7608 3.039414119176137
6112 3.039414119176137
301 3.039414119176137
1679 3.039414119176137
10089 3.039414119176137
4516 2.738384123512156
620 3.039414119176137
10600 2.738384123512156
1883 3.039414119176137
6983 3.039414119176137
201 3.039414119176137
11160 3.039414119176137
2086 3.039414119176137
9283 3.039414119176137
3921 3.039414119176137
9761 3.039414119176137
9980 3.039414119176137
9743 3.039414119176137
11141 3.039414119176137
5987 3.039414119176137
10200 3.039414119176137
454 3.039414119176137
8451 3.039414119176137
11020 3.039414119176137
8378 3.039414119176137
1795 3.039414119176137
1896 3.039414119176137
4843 3.039414119176137
10181 3.039414119176137
1295 3.039414119176137
7726 3.039414119176137
1916 3.039414119176137
9603 3.039414119176137
11717 3.039414119176137
6743 3.039414119176137
10761 3.039414119176137
6744 3.039414119176137
2347 3.039414119176137
3306 3.039414119176137
7019 3.039414119176137
3428 3.039414119176137
5411 3.039414119176137
5434 2.738384123512156
5196 3.039414119176137
11 3.039414119176137
4383 3.039414119176137
10883 3.039414119176137
7503 3.039414119176137
8915 3.039414119176137
11710 3.039414119176137
872 3.039414119176137
2586 3.039414119176137
4840 2.738384123512156
5308 3.039414119176137
6230 3.039414119176137
8817 2.738384123512156
10184 3.039414119176137
8407 3.039414119176137
5128 3.039414119176137
5488 3.039414119176137
9762 3.039414119176137
12084 2.738384123512156
1308 3.039414119176137
7988 3.039414119176137
9840 3.039414119176137
4521 2.738384123512156
493 3.039414119176137
10763 2.4373541278481747
327 3.039414119176137
3313 3.039414119176137
5776 3.039414119176137
6837 3.039414119176137
5278 3.039414119176137
1212 3.039414119176137
11874 3.039414119176137
6125 3.039414119176137
10454 3.039414119176137
8973 3.039414119176137
3419 3.039414119176137
4061 3.039414119176137
2490 3.039414119176137
7066 3.039414119176137
6151 3.039414119176137
3756 3.039414119176137
937 3.039414119176137
8656 3.039414119176137
4570 3.039414119176137
7171 2.5622928644564746
8702 3.039414119176137
325 3.039414119176137
11636 3.039414119176137
7504 3.039414119176137
6962 3.039414119176137
1330 3.039414119176137
158 3.039414119176137
5235 3.039414119176137
9575 3.039414119176137
7335 3.039414119176137
4904 3.039414119176137
10417 3.039414119176137
11649 3.039414119176137
660 2.738384123512156
4423 3.039414119176137
7479 3.039414119176137
557 2.738384123512156
733 3.039414119176137
9678 3.039414119176137
6642 2.738384123512156
3739 3.039414119176137
5559 3.039414119176137
6982 3.039414119176137
10410 3.039414119176137
3706 3.039414119176137
8403 3.039414119176137
215 3.039414119176137
7236 3.039414119176137
9532 3.039414119176137
4763 3.039414119176137
532 3.039414119176137
11928 3.039414119176137
1352 3.039414119176137
1185 2.4373541278481747
8270 3.039414119176137
8188 3.039414119176137
2656 3.039414119176137
2966 3.039414119176137
8610 3.039414119176137
5640 3.039414119176137
2543 3.039414119176137
3583 3.039414119176137
10967 3.039414119176137
3720 3.039414119176137
82 3.039414119176137
5781 3.039414119176137
1130 3.039414119176137
7811 2.738384123512156
3779 3.039414119176137
1333 3.039414119176137
10591 3.039414119176137
9341 3.039414119176137
2561 39.51238354928978
4188 3.039414119176137
1353 3.039414119176137
739 3.039414119176137
9376 3.039414119176137
10705 6.078828238352274
1444 3.039414119176137
7047 36.47296943011364
4599 3.039414119176137
11833 3.039414119176137
4003 3.039414119176137
11774 3.039414119176137
9560 3.039414119176137
5212 3.039414119176137
4600 3.039414119176137
8370 3.039414119176137
8456 3.039414119176137
10419 3.039414119176137
9301 12.157656476704547
11837 3.039414119176137
8457 3.039414119176137
3534 3.039414119176137
12247 3.039414119176137
5841 9.11824235752841
8087 3.039414119176137
11719 3.039414119176137
904 3.039414119176137
2946 3.039414119176137
9303 3.039414119176137
5708 3.039414119176137
4906 3.039414119176137
9781 3.039414119176137
6592 3.039414119176137
928 3.039414119176137
518 3.039414119176137
4149 3.039414119176137
8158 3.039414119176137
3394 9.11824235752841
2197 3.039414119176137
8502 9.11824235752841
508 9.11824235752841
9650 18.23648471505682
646 3.039414119176137
3083 6.078828238352274
12150 3.039414119176137
1535 3.039414119176137
736 3.039414119176137
320 3.039414119176137
8988 3.039414119176137
7728 3.039414119176137
2726 3.039414119176137
11243 3.039414119176137
1887 3.039414119176137
8894 3.039414119176137
2009 3.039414119176137
2976 3.039414119176137
4304 3.039414119176137
11163 3.039414119176137
3228 2.738384123512156
852 3.039414119176137
3001 3.039414119176137
672 3.039414119176137
2221 3.039414119176137
9271 6.078828238352274
1840 3.039414119176137
6187 3.039414119176137
233 3.039414119176137
2087 3.039414119176137
8021 3.039414119176137
4147 3.039414119176137
51 3.039414119176137
2223 3.039414119176137
7013 3.039414119176137
1722 3.039414119176137
679 3.039414119176137
9455 3.039414119176137
8006 3.039414119176137
2263 3.039414119176137
7547 3.039414119176137
5236 3.039414119176137
154 3.039414119176137
2528 3.039414119176137
2669 3.039414119176137
6636 3.039414119176137
7563 3.039414119176137
3227 3.039414119176137
1410 3.039414119176137
11134 3.039414119176137
11858 3.039414119176137
5374 3.039414119176137
8889 3.039414119176137
8818 3.039414119176137
2847 3.039414119176137
11758 3.039414119176137
2745 3.039414119176137
5818 3.039414119176137
5264 3.039414119176137
3137 3.039414119176137
11912 3.039414119176137
8229 3.039414119176137
4256 3.039414119176137
11022 3.039414119176137
1146 3.039414119176137
1052 3.039414119176137
1085 2.5622928644564746
5147 3.039414119176137
8792 3.039414119176137
5398 2.340444114840118
9151 3.039414119176137
2958 3.039414119176137
4351 3.039414119176137
8613 3.039414119176137
9952 2.738384123512156
1903 3.039414119176137
1351 3.039414119176137
9027 3.039414119176137
6222 3.039414119176137
7337 3.039414119176137
7843 3.039414119176137
10845 2.738384123512156
11315 3.039414119176137
2792 3.039414119176137
3771 3.039414119176137
103 2.738384123512156
3291 3.039414119176137
8551 3.039414119176137
4685 3.039414119176137
11683 3.039414119176137
366 2.738384123512156
914 3.039414119176137
2127 3.039414119176137
5417 3.039414119176137
1681 3.039414119176137
3901 3.039414119176137
2129 3.039414119176137
9473 3.039414119176137
74 2.738384123512156
4775 3.039414119176137
401 3.039414119176137
9075 3.039414119176137
402 3.039414119176137
141 3.039414119176137
1758 3.039414119176137
9518 3.039414119176137
5366 3.039414119176137
303 3.039414119176137
6105 3.039414119176137
1079 3.039414119176137
6635 2.340444114840118
7419 3.039414119176137
11146 3.039414119176137
4876 3.039414119176137
11103 3.039414119176137
1038 2.738384123512156
2115 3.039414119176137
7169 3.039414119176137
6667 3.039414119176137
10997 3.039414119176137
7379 3.039414119176137
3439 3.039414119176137
2285 3.039414119176137
8427 3.039414119176137
10990 3.039414119176137
7128 3.039414119176137
2783 3.039414119176137
9066 3.039414119176137
11794 2.340444114840118
9926 3.039414119176137
9396 3.039414119176137
95 3.039414119176137
12217 3.039414119176137
2589 3.039414119176137
8515 3.039414119176137
6929 3.039414119176137
6114 3.039414119176137
10833 3.039414119176137
11732 3.039414119176137
6701 2.340444114840118
7462 3.039414119176137
8046 3.039414119176137
9789 3.039414119176137
4750 3.039414119176137
262 2.738384123512156
7810 3.039414119176137
