368
t_index tf-idf 
12230 1.8633228601204557
7511 2.738384123512156
8279 3.039414119176137
8274 1.1881557704570618
9935 1.9602328731285121
6762 2.5622928644564746
12105 3.039414119176137
1204 3.039414119176137
7829 3.039414119176137
9587 2.738384123512156
4289 3.039414119176137
5673 2.340444114840118
2056 3.039414119176137
9929 3.039414119176137
1120 3.039414119176137
9289 3.039414119176137
6408 3.039414119176137
3342 2.340444114840118
7902 2.4373541278481747
3093 3.039414119176137
69 3.039414119176137
10977 2.738384123512156
12192 2.2612628687924934
9586 3.039414119176137
1500 2.738384123512156
6920 2.1363241321841935
8667 3.039414119176137
8201 2.2612628687924934
8784 2.738384123512156
1640 3.039414119176137
8916 3.039414119176137
6382 3.039414119176137
11209 3.039414119176137
12103 2.5622928644564746
5218 3.039414119176137
8553 3.039414119176137
10272 3.039414119176137
1671 3.039414119176137
5621 3.039414119176137
1009 2.738384123512156
9219 3.039414119176137
6030 3.039414119176137
3459 3.039414119176137
1719 3.039414119176137
7222 1.9980214340179119
8119 2.738384123512156
7168 3.039414119176137
4048 3.039414119176137
4114 3.039414119176137
3409 3.039414119176137
3298 3.039414119176137
2740 3.039414119176137
9774 3.039414119176137
236 3.039414119176137
8465 3.039414119176137
10656 3.039414119176137
6133 2.738384123512156
2760 3.039414119176137
628 3.039414119176137
562 2.340444114840118
481 3.039414119176137
3526 3.039414119176137
10903 3.039414119176137
11838 3.039414119176137
2875 3.039414119176137
7460 3.039414119176137
326 3.039414119176137
9290 3.039414119176137
11798 2.4373541278481747
5856 3.039414119176137
917 3.039414119176137
10265 2.1943160791618803
2800 2.340444114840118
7149 3.039414119176137
6589 3.039414119176137
9815 3.039414119176137
1672 3.039414119176137
2469 3.039414119176137
6056 3.039414119176137
7218 3.039414119176137
11254 3.039414119176137
11867 3.039414119176137
2460 3.039414119176137
2544 2.1943160791618803
2734 2.5622928644564746
1976 3.039414119176137
3175 3.039414119176137
4800 2.738384123512156
3588 3.039414119176137
10707 3.039414119176137
3431 3.039414119176137
214 3.039414119176137
2157 3.039414119176137
3315 3.039414119176137
1506 3.039414119176137
5984 2.738384123512156
4420 2.2612628687924934
959 3.039414119176137
8114 2.2612628687924934
9218 3.039414119176137
7423 3.039414119176137
614 3.039414119176137
3266 3.039414119176137
9588 2.340444114840118
8937 3.039414119176137
863 3.039414119176137
7413 3.039414119176137
3450 3.039414119176137
6090 2.738384123512156
186 3.039414119176137
5849 3.039414119176137
10807 3.039414119176137
7502 3.039414119176137
1286 3.039414119176137
7785 3.039414119176137
8840 2.5622928644564746
1515 3.039414119176137
2255 3.039414119176137
6597 3.039414119176137
10014 3.039414119176137
8892 2.5622928644564746
8978 3.039414119176137
796 3.039414119176137
10365 3.039414119176137
12053 3.039414119176137
8987 3.039414119176137
9838 3.039414119176137
10792 2.738384123512156
1334 3.039414119176137
6874 3.039414119176137
770 3.039414119176137
3733 2.738384123512156
11967 2.738384123512156
8340 3.039414119176137
4728 3.039414119176137
10795 3.039414119176137
7140 2.738384123512156
8361 3.039414119176137
10880 3.039414119176137
4744 2.5622928644564746
105 2.5622928644564746
4001 3.039414119176137
9770 3.039414119176137
3999 2.4373541278481747
3570 3.039414119176137
11564 3.039414119176137
8872 3.039414119176137
2204 3.039414119176137
722 3.039414119176137
7145 3.039414119176137
8241 3.039414119176137
2437 3.039414119176137
5581 3.039414119176137
2733 3.039414119176137
8040 3.039414119176137
1972 3.039414119176137
2503 2.738384123512156
5325 3.039414119176137
8623 2.4373541278481747
8671 3.039414119176137
7183 3.039414119176137
5816 3.039414119176137
10228 3.039414119176137
2876 3.039414119176137
137 3.039414119176137
11569 2.738384123512156
724 3.039414119176137
4668 2.738384123512156
5727 2.738384123512156
8931 3.039414119176137
3805 3.039414119176137
9216 3.039414119176137
2957 3.039414119176137
7704 3.039414119176137
1002 3.039414119176137
2358 3.039414119176137
6375 3.039414119176137
6096 3.039414119176137
11866 2.738384123512156
9531 2.738384123512156
697 2.4373541278481747
4173 3.039414119176137
490 3.039414119176137
4681 3.039414119176137
5819 3.039414119176137
9050 2.340444114840118
8324 3.039414119176137
6631 3.039414119176137
11749 3.039414119176137
9605 3.039414119176137
2920 2.738384123512156
11641 3.039414119176137
330 3.039414119176137
1736 3.039414119176137
2642 3.039414119176137
4259 3.039414119176137
2369 3.039414119176137
2100 3.039414119176137
201 3.039414119176137
2086 3.039414119176137
11601 3.039414119176137
9283 3.039414119176137
6736 3.039414119176137
5767 3.039414119176137
11141 3.039414119176137
7270 2.4373541278481747
2190 3.039414119176137
2209 3.039414119176137
821 3.039414119176137
4325 3.039414119176137
10436 3.039414119176137
7193 3.039414119176137
10761 3.039414119176137
57 3.039414119176137
2643 2.738384123512156
8602 3.039414119176137
6409 3.039414119176137
2739 3.039414119176137
11188 3.039414119176137
8405 3.039414119176137
2083 3.039414119176137
4537 3.039414119176137
11000 3.039414119176137
3877 3.039414119176137
1388 3.039414119176137
10454 3.039414119176137
12183 3.039414119176137
7762 3.039414119176137
3793 3.039414119176137
7232 3.039414119176137
7171 2.5622928644564746
8343 3.039414119176137
10846 3.039414119176137
2203 3.039414119176137
158 3.039414119176137
9961 3.039414119176137
9552 2.738384123512156
3026 3.039414119176137
4652 3.039414119176137
2432 2.738384123512156
8838 2.738384123512156
2702 3.039414119176137
11199 2.738384123512156
5404 3.039414119176137
9191 3.039414119176137
8341 3.039414119176137
10455 3.039414119176137
7236 3.039414119176137
6901 3.039414119176137
1352 3.039414119176137
1185 2.4373541278481747
5314 3.039414119176137
9871 2.738384123512156
7203 3.039414119176137
2925 3.039414119176137
3699 3.039414119176137
5781 3.039414119176137
7811 2.738384123512156
1333 3.039414119176137
3779 3.039414119176137
698 3.039414119176137
8317 3.039414119176137
3535 3.039414119176137
538 3.039414119176137
3059 3.039414119176137
2633 2.2612628687924934
3695 2.738384123512156
1723 3.039414119176137
12119 3.039414119176137
5281 3.039414119176137
6991 2.738384123512156
1791 3.039414119176137
1535 3.039414119176137
8894 3.039414119176137
1765 3.039414119176137
4370 3.039414119176137
1554 3.039414119176137
9999 3.039414119176137
6751 6.078828238352274
11386 3.039414119176137
4406 3.039414119176137
10595 18.23648471505682
86 3.039414119176137
11003 3.039414119176137
1213 3.039414119176137
11339 3.039414119176137
2594 3.039414119176137
6750 3.039414119176137
7204 3.039414119176137
9070 21.275898834232958
4699 3.039414119176137
3280 3.039414119176137
5304 3.039414119176137
3069 3.039414119176137
9910 3.039414119176137
5374 3.039414119176137
249 3.039414119176137
6213 3.039414119176137
11517 3.039414119176137
8357 3.039414119176137
5200 3.039414119176137
9251 3.039414119176137
11817 3.039414119176137
9828 3.039414119176137
10499 3.039414119176137
9550 3.039414119176137
4400 1.8089651977978631
8285 3.039414119176137
5264 3.039414119176137
1153 3.039414119176137
9000 2.738384123512156
6185 3.039414119176137
488 3.039414119176137
3133 3.039414119176137
3149 3.039414119176137
8906 3.039414119176137
8792 3.039414119176137
1903 3.039414119176137
8125 3.039414119176137
2905 3.039414119176137
2792 3.039414119176137
3771 3.039414119176137
103 2.738384123512156
10306 3.039414119176137
4929 3.039414119176137
8330 3.039414119176137
5328 3.039414119176137
6990 3.039414119176137
4196 3.039414119176137
12244 3.039414119176137
5840 3.039414119176137
5168 3.039414119176137
3074 3.039414119176137
6253 3.039414119176137
9536 3.039414119176137
10741 3.039414119176137
9545 3.039414119176137
4655 3.039414119176137
2405 3.039414119176137
1436 3.039414119176137
9307 3.039414119176137
11957 3.039414119176137
4876 3.039414119176137
7169 3.039414119176137
8352 3.039414119176137
2120 3.039414119176137
8012 3.039414119176137
6938 3.039414119176137
8271 3.039414119176137
3407 3.039414119176137
7681 3.039414119176137
6584 3.039414119176137
11496 3.039414119176137
8323 3.039414119176137
6721 3.039414119176137
7738 3.039414119176137
3406 3.039414119176137
2076 3.039414119176137
4144 3.039414119176137
287 3.039414119176137
4931 3.039414119176137
11491 3.039414119176137
11183 2.738384123512156
2333 3.039414119176137
12128 3.039414119176137
4091 3.039414119176137
6527 3.039414119176137
10012 3.039414119176137
