491
t_index tf-idf 
11996 2.085171609736812
4977 3.039414119176137
12230 1.8633228601204557
7511 2.738384123512156
4022 3.039414119176137
8274 1.1881557704570618
9935 1.9602328731285121
6762 2.5622928644564746
12105 3.039414119176137
11069 3.039414119176137
955 2.738384123512156
9587 2.738384123512156
3404 3.039414119176137
2837 3.039414119176137
4289 3.039414119176137
4973 2.5622928644564746
6873 2.738384123512156
10119 3.039414119176137
5673 2.340444114840118
2056 3.039414119176137
10421 2.738384123512156
9289 3.039414119176137
939 2.5622928644564746
6408 3.039414119176137
8276 2.5622928644564746
3342 2.340444114840118
7902 2.4373541278481747
3093 3.039414119176137
69 3.039414119176137
10977 2.738384123512156
12192 2.2612628687924934
5022 3.039414119176137
10923 2.738384123512156
9586 3.039414119176137
1500 2.738384123512156
8397 3.039414119176137
8667 3.039414119176137
8507 2.738384123512156
3072 3.039414119176137
8959 3.039414119176137
8201 2.2612628687924934
8784 2.738384123512156
8104 2.738384123512156
3284 3.039414119176137
11943 2.5622928644564746
12121 2.738384123512156
6382 3.039414119176137
11209 3.039414119176137
9570 3.039414119176137
2884 3.039414119176137
10272 3.039414119176137
4762 3.039414119176137
6015 2.5622928644564746
11289 3.039414119176137
6030 3.039414119176137
1719 3.039414119176137
8335 3.039414119176137
7222 1.9980214340179119
6121 3.039414119176137
11241 2.340444114840118
8119 2.738384123512156
9224 2.340444114840118
5311 3.039414119176137
5204 3.039414119176137
12085 3.039414119176137
7606 3.039414119176137
2025 3.039414119176137
12114 1.8352941365202122
11008 2.4373541278481747
2740 3.039414119176137
10566 3.039414119176137
6900 3.039414119176137
4071 3.039414119176137
11707 3.039414119176137
10504 3.039414119176137
6133 2.738384123512156
12229 2.4373541278481747
562 2.340444114840118
10374 3.039414119176137
481 3.039414119176137
3526 3.039414119176137
5972 3.039414119176137
2457 3.039414119176137
10435 2.5622928644564746
10903 3.039414119176137
1821 3.039414119176137
11838 3.039414119176137
2875 3.039414119176137
7460 3.039414119176137
326 3.039414119176137
9290 3.039414119176137
9243 1.6969914383539308
8171 3.039414119176137
11798 2.4373541278481747
5856 3.039414119176137
4793 3.039414119176137
8426 3.039414119176137
9566 3.039414119176137
7192 3.039414119176137
9519 2.340444114840118
10265 2.1943160791618803
6333 3.039414119176137
280 3.039414119176137
3427 3.039414119176137
8664 3.039414119176137
6541 3.039414119176137
6056 3.039414119176137
8149 2.5622928644564746
6252 3.039414119176137
2350 3.039414119176137
11867 3.039414119176137
2544 2.1943160791618803
10405 3.039414119176137
9746 3.039414119176137
4471 3.039414119176137
6381 2.340444114840118
2734 2.5622928644564746
2982 3.039414119176137
9090 3.039414119176137
11812 3.039414119176137
3789 2.5622928644564746
5379 3.039414119176137
3343 3.039414119176137
2072 2.738384123512156
6238 3.039414119176137
8951 2.738384123512156
2219 2.738384123512156
480 3.039414119176137
8813 3.039414119176137
9242 2.085171609736812
367 1.8633228601204557
7438 2.4373541278481747
4034 3.039414119176137
6785 3.039414119176137
5092 3.039414119176137
5464 3.039414119176137
77 3.039414119176137
5153 3.039414119176137
2412 3.039414119176137
5361 2.5622928644564746
9500 3.039414119176137
6062 3.039414119176137
2678 3.039414119176137
9568 2.5622928644564746
1661 3.039414119176137
3501 3.039414119176137
4420 2.2612628687924934
959 3.039414119176137
8114 2.2612628687924934
9218 3.039414119176137
3711 3.039414119176137
614 3.039414119176137
7516 3.039414119176137
7787 3.039414119176137
9588 2.340444114840118
7552 3.039414119176137
1849 3.039414119176137
8711 3.039414119176137
11362 3.039414119176137
10575 3.039414119176137
1036 2.4373541278481747
4912 2.738384123512156
3421 3.039414119176137
5849 3.039414119176137
1675 3.039414119176137
11894 2.1363241321841935
7502 3.039414119176137
7785 3.039414119176137
6607 3.039414119176137
10523 3.039414119176137
6746 2.4373541278481747
7904 3.039414119176137
11882 3.039414119176137
3850 2.738384123512156
8840 2.5622928644564746
6223 2.5622928644564746
7776 3.039414119176137
8892 2.5622928644564746
11043 2.738384123512156
8978 3.039414119176137
6093 3.039414119176137
8987 3.039414119176137
11207 3.039414119176137
3658 3.039414119176137
1227 3.039414119176137
10792 2.738384123512156
6874 3.039414119176137
9534 3.039414119176137
3733 2.738384123512156
2753 3.039414119176137
11967 2.738384123512156
4053 3.039414119176137
10795 3.039414119176137
7140 2.738384123512156
1519 2.738384123512156
441 2.738384123512156
4897 3.039414119176137
803 3.039414119176137
4744 2.5622928644564746
105 2.5622928644564746
3253 3.039414119176137
9770 3.039414119176137
3999 2.4373541278481747
6221 3.039414119176137
3570 3.039414119176137
104 3.039414119176137
5110 3.039414119176137
7001 2.738384123512156
9488 3.039414119176137
6370 2.5622928644564746
7783 2.738384123512156
7531 3.039414119176137
7145 3.039414119176137
8241 3.039414119176137
3252 2.5622928644564746
2437 3.039414119176137
5581 3.039414119176137
80 3.039414119176137
8947 3.039414119176137
2733 3.039414119176137
1325 2.738384123512156
3560 2.738384123512156
11968 2.738384123512156
10245 2.738384123512156
6126 3.039414119176137
9340 3.039414119176137
8040 3.039414119176137
11433 3.039414119176137
3636 3.039414119176137
10696 2.738384123512156
8785 3.039414119176137
7378 3.039414119176137
11119 3.039414119176137
3802 3.039414119176137
5325 3.039414119176137
7860 3.039414119176137
10286 3.039414119176137
7183 3.039414119176137
5816 3.039414119176137
6586 3.039414119176137
12155 3.039414119176137
10228 3.039414119176137
2876 3.039414119176137
11436 2.1363241321841935
10922 3.039414119176137
627 3.039414119176137
11569 2.738384123512156
8326 3.039414119176137
10061 3.039414119176137
8675 3.039414119176137
8522 3.039414119176137
353 3.039414119176137
10222 3.039414119176137
3723 2.738384123512156
10902 3.039414119176137
2358 3.039414119176137
880 3.039414119176137
11866 2.738384123512156
9531 2.738384123512156
4847 3.039414119176137
8776 3.039414119176137
9050 2.340444114840118
8669 3.039414119176137
2575 3.039414119176137
8926 3.039414119176137
10927 3.039414119176137
2918 3.039414119176137
10086 3.039414119176137
2335 3.039414119176137
11641 3.039414119176137
9613 3.039414119176137
2652 3.039414119176137
90 3.039414119176137
726 3.039414119176137
2882 3.039414119176137
1906 3.039414119176137
1736 3.039414119176137
10077 3.039414119176137
1551 2.738384123512156
1872 3.039414119176137
10259 3.039414119176137
10275 3.039414119176137
11156 3.039414119176137
3864 3.039414119176137
5600 3.039414119176137
1341 3.039414119176137
6007 3.039414119176137
7270 2.4373541278481747
3552 3.039414119176137
11020 3.039414119176137
2209 3.039414119176137
1391 3.039414119176137
3283 3.039414119176137
8670 3.039414119176137
4325 3.039414119176137
1643 3.039414119176137
12201 3.039414119176137
2243 3.039414119176137
2258 3.039414119176137
2441 3.039414119176137
6875 3.039414119176137
3405 3.039414119176137
8355 3.039414119176137
2621 3.039414119176137
8198 3.039414119176137
5196 3.039414119176137
7142 3.039414119176137
4690 3.039414119176137
6272 3.039414119176137
8401 3.039414119176137
1222 3.039414119176137
6428 3.039414119176137
10062 3.039414119176137
8394 3.039414119176137
8985 3.039414119176137
6028 3.039414119176137
11188 3.039414119176137
3861 2.039414119176137
8405 3.039414119176137
2883 2.738384123512156
3269 3.039414119176137
3559 3.039414119176137
8407 3.039414119176137
8117 3.039414119176137
8362 3.039414119176137
12084 2.738384123512156
1229 3.039414119176137
11731 3.039414119176137
3103 3.039414119176137
9691 3.039414119176137
3854 3.039414119176137
9833 3.039414119176137
12077 3.039414119176137
8009 3.039414119176137
2639 3.039414119176137
8952 3.039414119176137
8552 3.039414119176137
2286 3.039414119176137
11598 3.039414119176137
3794 3.039414119176137
3628 3.039414119176137
8658 3.039414119176137
8243 3.039414119176137
4073 3.039414119176137
7407 3.039414119176137
493 3.039414119176137
11786 3.039414119176137
10320 6.078828238352274
160 3.039414119176137
10763 4.8747082556963495
10873 3.039414119176137
327 3.039414119176137
6914 3.039414119176137
989 9.11824235752841
1275 3.039414119176137
3466 3.039414119176137
10508 3.039414119176137
10439 6.078828238352274
131 3.039414119176137
11354 3.039414119176137
6837 9.11824235752841
6925 3.039414119176137
11166 3.039414119176137
11170 3.039414119176137
6850 3.039414119176137
485 3.039414119176137
10596 5.476768247024312
2680 6.078828238352274
12099 6.078828238352274
10454 6.078828238352274
5784 6.078828238352274
3793 3.039414119176137
7786 3.039414119176137
4353 3.039414119176137
1468 3.039414119176137
2031 6.078828238352274
1163 2.1943160791618803
3419 3.039414119176137
5645 3.039414119176137
10507 3.039414119176137
4839 3.039414119176137
2490 3.039414119176137
12237 3.039414119176137
9370 3.039414119176137
10748 3.039414119176137
8726 3.039414119176137
76 3.039414119176137
615 3.039414119176137
8815 3.039414119176137
5115 3.039414119176137
1225 3.039414119176137
6196 3.039414119176137
2640 3.039414119176137
577 3.039414119176137
115 3.039414119176137
9608 3.039414119176137
8748 3.039414119176137
2406 3.039414119176137
4826 3.039414119176137
8913 3.039414119176137
11363 3.039414119176137
8907 3.039414119176137
5913 3.039414119176137
1966 3.039414119176137
7354 3.039414119176137
11224 3.039414119176137
3286 3.039414119176137
5151 3.039414119176137
920 3.039414119176137
10215 3.039414119176137
940 3.039414119176137
2776 2.738384123512156
4054 3.039414119176137
6642 2.738384123512156
2432 2.738384123512156
4607 3.039414119176137
3764 3.039414119176137
3739 3.039414119176137
4140 3.039414119176137
9607 3.039414119176137
6167 3.039414119176137
7026 3.039414119176137
11251 3.039414119176137
6949 3.039414119176137
4763 3.039414119176137
6891 2.738384123512156
6901 3.039414119176137
1185 2.4373541278481747
12025 3.039414119176137
7203 3.039414119176137
109 3.039414119176137
11158 3.039414119176137
5781 3.039414119176137
464 3.039414119176137
667 3.039414119176137
7811 2.738384123512156
1687 3.039414119176137
8317 3.039414119176137
10809 3.039414119176137
831 3.039414119176137
963 3.039414119176137
1791 3.039414119176137
8894 3.039414119176137
6519 3.039414119176137
4239 3.039414119176137
8174 3.039414119176137
12038 3.039414119176137
2806 3.039414119176137
4400 1.8089651977978631
2627 3.039414119176137
2745 3.039414119176137
1446 3.039414119176137
7510 3.039414119176137
2261 3.039414119176137
8882 3.039414119176137
5118 3.039414119176137
5341 3.039414119176137
7331 3.039414119176137
6418 3.039414119176137
9582 3.039414119176137
8721 3.039414119176137
8330 3.039414119176137
8466 3.039414119176137
4733 3.039414119176137
8717 3.039414119176137
2143 3.039414119176137
5111 3.039414119176137
4196 3.039414119176137
9508 3.039414119176137
6253 3.039414119176137
2405 3.039414119176137
6902 3.039414119176137
4175 3.039414119176137
4876 3.039414119176137
11547 3.039414119176137
188 2.738384123512156
6667 3.039414119176137
9612 3.039414119176137
630 3.039414119176137
4624 3.039414119176137
5181 3.039414119176137
1950 3.039414119176137
10373 2.738384123512156
9396 3.039414119176137
3842 3.039414119176137
193 3.039414119176137
1395 3.039414119176137
11183 2.738384123512156
9421 3.039414119176137
5442 3.039414119176137
467 3.039414119176137
