282
t_index tf-idf 
5581 3.039414119176137
5923 3.039414119176137
12230 1.8633228601204557
7511 2.738384123512156
4022 3.039414119176137
2733 3.039414119176137
3560 2.738384123512156
8274 1.1881557704570618
9935 1.9602328731285121
6762 2.5622928644564746
8040 3.039414119176137
955 2.738384123512156
9587 2.738384123512156
11433 3.039414119176137
5673 2.340444114840118
2056 3.039414119176137
8899 3.039414119176137
3342 2.340444114840118
7902 2.4373541278481747
69 3.039414119176137
11705 3.039414119176137
10977 2.738384123512156
12192 2.2612628687924934
9586 3.039414119176137
1500 2.738384123512156
10286 3.039414119176137
10593 3.039414119176137
7183 3.039414119176137
8507 2.738384123512156
8201 2.2612628687924934
8784 2.738384123512156
2876 3.039414119176137
11436 2.1363241321841935
6759 3.039414119176137
4645 3.039414119176137
11943 2.5622928644564746
11569 2.738384123512156
754 3.039414119176137
6382 3.039414119176137
8553 3.039414119176137
6992 3.039414119176137
8931 3.039414119176137
8584 3.039414119176137
9783 3.039414119176137
3805 3.039414119176137
6030 3.039414119176137
10792 2.738384123512156
7222 1.9980214340179119
7580 3.039414119176137
10446 3.039414119176137
8119 2.738384123512156
10544 3.039414119176137
9182 3.039414119176137
10902 3.039414119176137
12085 3.039414119176137
8840 2.5622928644564746
12114 1.8352941365202122
9774 3.039414119176137
2681 2.340444114840118
8776 3.039414119176137
7437 3.039414119176137
9050 2.340444114840118
12229 2.4373541278481747
562 2.340444114840118
10435 2.5622928644564746
3648 3.039414119176137
11838 3.039414119176137
2875 3.039414119176137
2081 3.039414119176137
10265 2.1943160791618803
9805 6.078828238352274
11967 2.738384123512156
2652 3.039414119176137
3715 3.039414119176137
726 3.039414119176137
10398 3.039414119176137
2882 3.039414119176137
1906 3.039414119176137
2126 3.039414119176137
6252 3.039414119176137
8149 2.5622928644564746
10661 3.039414119176137
2350 3.039414119176137
11867 3.039414119176137
5093 3.039414119176137
6381 2.340444114840118
7608 3.039414119176137
10259 3.039414119176137
11063 3.039414119176137
7905 3.039414119176137
11812 3.039414119176137
3789 2.5622928644564746
3343 3.039414119176137
11156 3.039414119176137
9514 2.738384123512156
3421 3.039414119176137
8951 2.738384123512156
5849 3.039414119176137
11765 3.039414119176137
7438 2.4373541278481747
4034 3.039414119176137
77 3.039414119176137
1935 2.4373541278481747
2195 3.039414119176137
5361 2.5622928644564746
2678 3.039414119176137
2159 3.039414119176137
5984 2.738384123512156
959 3.039414119176137
8114 2.2612628687924934
9218 3.039414119176137
9370 3.039414119176137
11813 2.738384123512156
4843 3.039414119176137
7193 3.039414119176137
9588 2.340444114840118
11362 3.039414119176137
9752 3.039414119176137
12034 2.738384123512156
7785 3.039414119176137
4333 3.039414119176137
25 3.039414119176137
7938 3.039414119176137
8076 2.738384123512156
2643 2.738384123512156
7770 3.039414119176137
1747 3.039414119176137
3306 3.039414119176137
3359 3.039414119176137
2782 3.039414119176137
8198 3.039414119176137
4936 3.039414119176137
3428 9.11824235752841
5196 3.039414119176137
5434 2.738384123512156
4177 3.039414119176137
8146 3.039414119176137
7142 12.157656476704547
2721 3.039414119176137
8602 3.039414119176137
3193 3.039414119176137
2978 3.039414119176137
2339 6.078828238352274
6409 3.039414119176137
6272 3.039414119176137
2234 3.039414119176137
8401 3.039414119176137
5807 3.039414119176137
8915 6.078828238352274
1222 3.039414119176137
1360 3.039414119176137
6215 3.039414119176137
9680 3.039414119176137
10697 3.039414119176137
2869 3.039414119176137
872 9.11824235752841
6428 3.039414119176137
479 3.039414119176137
10844 2.738384123512156
3836 3.039414119176137
8394 3.039414119176137
9485 2.5622928644564746
3065 3.039414119176137
6223 2.5622928644564746
8151 6.078828238352274
2724 3.039414119176137
8985 3.039414119176137
2352 3.039414119176137
11268 3.039414119176137
4840 2.738384123512156
11129 2.738384123512156
4649 3.039414119176137
207 3.039414119176137
2739 3.039414119176137
6028 3.039414119176137
3038 3.039414119176137
11188 3.039414119176137
5308 3.039414119176137
3319 3.039414119176137
5258 3.039414119176137
3861 2.039414119176137
2725 3.039414119176137
8434 3.039414119176137
6251 3.039414119176137
6063 3.039414119176137
2883 2.738384123512156
8509 3.039414119176137
6230 3.039414119176137
1669 3.039414119176137
1512 3.039414119176137
2396 3.039414119176137
3269 6.078828238352274
3559 6.078828238352274
8817 2.738384123512156
11444 3.039414119176137
4174 3.039414119176137
10458 3.039414119176137
10184 3.039414119176137
8407 3.039414119176137
2102 3.039414119176137
6847 6.078828238352274
5848 3.039414119176137
276 6.078828238352274
1340 3.039414119176137
8117 3.039414119176137
10570 3.039414119176137
5091 3.039414119176137
3655 2.2612628687924934
5127 3.039414119176137
945 3.039414119176137
8833 3.039414119176137
6051 3.039414119176137
338 3.039414119176137
8362 3.039414119176137
2083 3.039414119176137
5488 3.039414119176137
9762 3.039414119176137
9039 3.039414119176137
11947 3.039414119176137
12084 2.738384123512156
5792 3.039414119176137
7988 3.039414119176137
10428 3.039414119176137
4537 3.039414119176137
11000 3.039414119176137
8082 3.039414119176137
9840 3.039414119176137
10275 3.039414119176137
3549 2.738384123512156
4521 2.738384123512156
8375 3.039414119176137
9669 3.039414119176137
4897 3.039414119176137
21 3.039414119176137
3794 3.039414119176137
2599 3.039414119176137
7567 3.039414119176137
8443 3.039414119176137
7048 3.039414119176137
11143 3.039414119176137
7164 3.039414119176137
2442 6.078828238352274
3755 3.039414119176137
9844 3.039414119176137
8846 3.039414119176137
3852 3.039414119176137
5394 3.039414119176137
10154 3.039414119176137
3313 3.039414119176137
6793 3.039414119176137
2443 3.039414119176137
1405 3.039414119176137
3877 3.039414119176137
5776 3.039414119176137
2444 3.039414119176137
4098 3.039414119176137
11216 6.078828238352274
8431 3.039414119176137
3245 3.039414119176137
3633 3.039414119176137
1212 3.039414119176137
12068 3.039414119176137
5975 3.039414119176137
8183 3.039414119176137
5453 3.039414119176137
5090 3.039414119176137
8973 3.039414119176137
5260 3.039414119176137
7531 3.039414119176137
7762 3.039414119176137
6440 3.039414119176137
9771 3.039414119176137
10837 3.039414119176137
7071 3.039414119176137
1163 2.1943160791618803
1228 3.039414119176137
6180 2.5622928644564746
3252 2.5622928644564746
7232 3.039414119176137
2784 3.039414119176137
1455 3.039414119176137
7066 6.078828238352274
