480
t_index tf-idf 
11996 2.085171609736812
4977 3.039414119176137
3186 3.039414119176137
6600 3.039414119176137
11898 3.039414119176137
843 3.039414119176137
4022 3.039414119176137
10310 3.039414119176137
8274 1.1881557704570618
12105 3.039414119176137
5736 3.039414119176137
10119 3.039414119176137
4973 2.5622928644564746
5673 2.340444114840118
10993 3.039414119176137
9289 3.039414119176137
10232 3.039414119176137
7143 3.039414119176137
939 2.5622928644564746
8276 2.5622928644564746
3342 2.340444114840118
7902 2.4373541278481747
69 3.039414119176137
10977 2.738384123512156
12192 2.2612628687924934
10571 3.039414119176137
5022 3.039414119176137
10923 2.738384123512156
210 3.039414119176137
8397 3.039414119176137
8507 2.738384123512156
7667 3.039414119176137
8201 2.2612628687924934
3072 3.039414119176137
2162 3.039414119176137
8104 2.738384123512156
3284 3.039414119176137
4645 3.039414119176137
11943 2.5622928644564746
6382 3.039414119176137
11209 3.039414119176137
12103 2.5622928644564746
8553 3.039414119176137
2302 3.039414119176137
11845 3.039414119176137
8056 3.039414119176137
6655 3.039414119176137
8584 3.039414119176137
6030 3.039414119176137
3459 3.039414119176137
4943 2.5622928644564746
1878 3.039414119176137
5945 3.039414119176137
7222 1.9980214340179119
3169 3.039414119176137
7229 3.039414119176137
11241 2.340444114840118
8119 2.738384123512156
6142 3.039414119176137
10544 3.039414119176137
8047 3.039414119176137
9224 2.340444114840118
7168 3.039414119176137
9182 3.039414119176137
8572 3.039414119176137
9409 3.039414119176137
2740 3.039414119176137
10566 3.039414119176137
3744 3.039414119176137
2681 2.340444114840118
11707 3.039414119176137
236 3.039414119176137
7437 3.039414119176137
6133 2.738384123512156
10765 3.039414119176137
9424 3.039414119176137
6399 3.039414119176137
2457 3.039414119176137
5972 3.039414119176137
2875 3.039414119176137
7460 3.039414119176137
9290 3.039414119176137
12058 3.039414119176137
8171 3.039414119176137
9519 2.340444114840118
10265 2.1943160791618803
9815 3.039414119176137
2758 3.039414119176137
1706 3.039414119176137
8149 2.5622928644564746
2350 3.039414119176137
2544 2.1943160791618803
9436 3.039414119176137
4471 3.039414119176137
1122 3.039414119176137
2808 3.039414119176137
2734 2.5622928644564746
2519 3.039414119176137
8424 3.039414119176137
6740 3.039414119176137
11812 3.039414119176137
3789 2.5622928644564746
4874 3.039414119176137
3343 3.039414119176137
612 3.039414119176137
9514 2.738384123512156
2359 2.4373541278481747
10649 3.039414119176137
3007 2.5622928644564746
367 1.8633228601204557
7438 2.4373541278481747
7436 3.039414119176137
12126 3.039414119176137
8519 3.039414119176137
1313 3.039414119176137
1935 2.4373541278481747
5153 3.039414119176137
3496 3.039414119176137
6796 3.039414119176137
9500 3.039414119176137
9385 3.039414119176137
3398 2.738384123512156
2157 3.039414119176137
2678 3.039414119176137
1615 3.039414119176137
3315 3.039414119176137
2266 3.039414119176137
2915 3.039414119176137
579 3.039414119176137
4420 2.2612628687924934
959 3.039414119176137
197 3.039414119176137
8114 2.2612628687924934
614 3.039414119176137
11813 2.738384123512156
8709 3.039414119176137
8948 3.039414119176137
811 3.039414119176137
4029 3.039414119176137
7014 3.039414119176137
8937 3.039414119176137
1849 3.039414119176137
1064 3.039414119176137
1759 2.738384123512156
12212 3.039414119176137
10575 3.039414119176137
12034 2.738384123512156
1036 2.4373541278481747
3682 3.039414119176137
5594 2.738384123512156
4912 2.738384123512156
10882 3.039414119176137
3421 3.039414119176137
11894 2.1363241321841935
7502 3.039414119176137
1286 3.039414119176137
7785 3.039414119176137
6607 3.039414119176137
1683 3.039414119176137
11256 3.039414119176137
4854 2.738384123512156
8573 3.039414119176137
1571 3.039414119176137
10112 2.738384123512156
2255 3.039414119176137
4677 3.039414119176137
2671 3.039414119176137
9563 3.039414119176137
12042 3.039414119176137
11043 2.738384123512156
3263 3.039414119176137
111 3.039414119176137
11094 3.039414119176137
12017 2.5622928644564746
10055 2.738384123512156
2601 3.039414119176137
7794 3.039414119176137
6051 3.039414119176137
7915 3.039414119176137
3733 2.738384123512156
11967 2.738384123512156
8223 3.039414119176137
3765 3.039414119176137
7140 2.738384123512156
12011 3.039414119176137
1519 2.738384123512156
10117 2.5622928644564746
3253 3.039414119176137
10268 3.039414119176137
3999 2.4373541278481747
104 3.039414119176137
3164 2.5622928644564746
7531 3.039414119176137
722 3.039414119176137
11855 3.039414119176137
5125 3.039414119176137
10226 3.039414119176137
1325 2.738384123512156
2148 3.039414119176137
10245 2.738384123512156
132 3.039414119176137
8262 3.039414119176137
4426 3.039414119176137
10475 3.039414119176137
11945 3.039414119176137
7183 3.039414119176137
5614 3.039414119176137
11436 2.1363241321841935
6759 3.039414119176137
11569 2.738384123512156
9855 3.039414119176137
2654 2.738384123512156
10001 3.039414119176137
12220 3.039414119176137
2356 3.039414119176137
10363 3.039414119176137
4214 3.039414119176137
2264 2.738384123512156
4554 3.039414119176137
9901 3.039414119176137
10828 3.039414119176137
8463 3.039414119176137
2128 3.039414119176137
9531 2.738384123512156
11117 3.039414119176137
9050 2.340444114840118
2021 3.039414119176137
6145 3.039414119176137
5438 3.039414119176137
9605 3.039414119176137
4472 3.039414119176137
2081 3.039414119176137
7897 3.039414119176137
9120 3.039414119176137
8200 3.039414119176137
11357 3.039414119176137
4766 3.039414119176137
9526 2.5622928644564746
9613 3.039414119176137
330 3.039414119176137
726 3.039414119176137
776 3.039414119176137
2882 3.039414119176137
1906 3.039414119176137
4365 3.039414119176137
3179 3.039414119176137
7702 3.039414119176137
4815 3.039414119176137
8799 6.078828238352274
4615 3.039414119176137
6626 2.5622928644564746
5541 3.039414119176137
1030 3.039414119176137
6695 3.039414119176137
9687 3.039414119176137
1764 3.039414119176137
4790 3.039414119176137
4079 3.039414119176137
4259 3.039414119176137
3494 3.039414119176137
5918 3.039414119176137
11768 3.039414119176137
3178 3.039414119176137
10962 3.039414119176137
710 3.039414119176137
8132 3.039414119176137
9156 3.039414119176137
11854 3.039414119176137
9600 3.039414119176137
4483 3.039414119176137
6775 3.039414119176137
3462 3.039414119176137
11156 3.039414119176137
2001 3.039414119176137
9761 3.039414119176137
9743 3.039414119176137
9618 3.039414119176137
5987 3.039414119176137
454 3.039414119176137
11020 3.039414119176137
1391 3.039414119176137
6893 3.039414119176137
2070 3.039414119176137
6665 3.039414119176137
8576 3.039414119176137
2569 3.039414119176137
716 3.039414119176137
4843 3.039414119176137
7193 3.039414119176137
4875 2.738384123512156
8767 3.039414119176137
3306 3.039414119176137
4936 3.039414119176137
5196 3.039414119176137
8072 3.039414119176137
3727 3.039414119176137
2339 3.039414119176137
6409 3.039414119176137
8401 3.039414119176137
872 3.039414119176137
5198 3.039414119176137
9004 2.738384123512156
9321 3.039414119176137
2240 3.039414119176137
6028 3.039414119176137
5308 3.039414119176137
3861 2.039414119176137
6063 3.039414119176137
1669 3.039414119176137
10473 3.039414119176137
7963 3.039414119176137
8307 3.039414119176137
8362 3.039414119176137
7694 3.039414119176137
12084 2.738384123512156
9669 3.039414119176137
3794 3.039414119176137
3313 3.039414119176137
6793 3.039414119176137
10508 3.039414119176137
131 3.039414119176137
10648 3.039414119176137
2031 3.039414119176137
1468 3.039414119176137
117 3.039414119176137
937 3.039414119176137
4865 3.039414119176137
10147 3.039414119176137
6295 3.039414119176137
2017 2.5622928644564746
7585 3.039414119176137
1361 3.039414119176137
660 2.738384123512156
4372 3.039414119176137
2682 2.039414119176137
6141 3.039414119176137
9943 2.738384123512156
10425 3.039414119176137
5224 3.039414119176137
11998 3.039414119176137
3383 3.039414119176137
416 3.039414119176137
9607 3.039414119176137
7391 3.039414119176137
6949 3.039414119176137
7509 3.039414119176137
7752 3.039414119176137
7236 3.039414119176137
532 3.039414119176137
11928 3.039414119176137
3117 3.039414119176137
6031 3.039414119176137
1873 3.039414119176137
10881 3.039414119176137
9564 2.340444114840118
2170 2.4373541278481747
12266 3.039414119176137
8722 3.039414119176137
2656 3.039414119176137
9871 2.738384123512156
8310 3.039414119176137
2078 3.039414119176137
10937 3.039414119176137
1130 3.039414119176137
667 3.039414119176137
3618 3.039414119176137
7836 3.039414119176137
10407 3.039414119176137
3059 3.039414119176137
7307 3.039414119176137
3547 3.039414119176137
6590 2.738384123512156
7359 3.039414119176137
1791 3.039414119176137
11463 3.039414119176137
7326 3.039414119176137
6519 3.039414119176137
1553 2.738384123512156
1722 3.039414119176137
9184 3.039414119176137
11437 3.039414119176137
578 3.039414119176137
8889 3.039414119176137
3889 3.039414119176137
2865 3.039414119176137
1774 3.039414119176137
8724 2.738384123512156
4090 3.039414119176137
175 3.039414119176137
4403 3.039414119176137
11701 2.4373541278481747
2790 3.039414119176137
10212 2.738384123512156
4400 1.8089651977978631
7767 2.738384123512156
2627 3.039414119176137
1446 3.039414119176137
7510 3.039414119176137
11751 3.039414119176137
916 3.039414119176137
11912 3.039414119176137
11080 3.039414119176137
6633 2.5622928644564746
7773 3.039414119176137
3235 3.039414119176137
3328 3.039414119176137
2171 3.039414119176137
3339 3.039414119176137
6185 3.039414119176137
2238 3.039414119176137
486 3.039414119176137
3156 3.039414119176137
1085 2.5622928644564746
5447 3.039414119176137
7416 3.039414119176137
8906 3.039414119176137
12027 2.1943160791618803
9577 3.039414119176137
10032 3.039414119176137
3912 3.039414119176137
4267 3.039414119176137
1828 3.039414119176137
1351 3.039414119176137
3474 3.039414119176137
11932 2.5622928644564746
12045 3.039414119176137
10947 3.039414119176137
2658 3.039414119176137
704 3.039414119176137
103 2.738384123512156
6927 3.039414119176137
162 3.039414119176137
366 2.738384123512156
6941 3.039414119176137
8245 3.039414119176137
5131 3.039414119176137
2060 3.039414119176137
1732 3.039414119176137
6836 2.738384123512156
9075 3.039414119176137
6046 3.039414119176137
9404 3.039414119176137
150 3.039414119176137
5674 3.039414119176137
9126 3.039414119176137
8900 2.039414119176137
2405 3.039414119176137
7768 3.039414119176137
4876 3.039414119176137
1761 3.039414119176137
5014 3.039414119176137
5999 3.039414119176137
7599 3.039414119176137
8352 3.039414119176137
11088 3.039414119176137
8271 3.039414119176137
7128 3.039414119176137
5155 3.039414119176137
4624 3.039414119176137
5181 3.039414119176137
10106 3.039414119176137
10123 3.039414119176137
3985 3.039414119176137
4656 3.039414119176137
2092 3.039414119176137
9631 3.039414119176137
804 3.039414119176137
10430 3.039414119176137
6250 3.039414119176137
622 3.039414119176137
8321 3.039414119176137
10006 3.039414119176137
262 2.738384123512156
4409 3.039414119176137
10856 2.1943160791618803
4422 3.039414119176137
4308 2.2612628687924934
1443 3.039414119176137
10755 3.039414119176137
10012 3.039414119176137
