358
t_index tf-idf 
5162 3.039414119176137
4977 3.039414119176137
3186 3.039414119176137
1948 2.5622928644564746
10193 3.039414119176137
8274 1.1881557704570618
4973 2.5622928644564746
5673 2.340444114840118
11038 3.039414119176137
6408 3.039414119176137
4166 2.738384123512156
7902 2.4373541278481747
3093 3.039414119176137
8823 3.039414119176137
7934 3.039414119176137
10977 2.738384123512156
12192 2.2612628687924934
8397 3.039414119176137
6920 2.1363241321841935
8507 2.738384123512156
1609 3.039414119176137
10848 3.039414119176137
12108 3.039414119176137
4539 3.039414119176137
8916 3.039414119176137
6382 3.039414119176137
6040 2.738384123512156
6030 3.039414119176137
1878 3.039414119176137
11241 2.340444114840118
1996 3.039414119176137
547 3.039414119176137
1563 3.039414119176137
12114 1.8352941365202122
5446 2.738384123512156
264 3.039414119176137
2681 2.340444114840118
628 3.039414119176137
7437 3.039414119176137
562 2.340444114840118
10765 3.039414119176137
4116 3.039414119176137
10903 3.039414119176137
2875 3.039414119176137
7460 3.039414119176137
4490 3.039414119176137
9290 3.039414119176137
9519 2.340444114840118
7144 3.039414119176137
7149 3.039414119176137
9815 3.039414119176137
10826 3.039414119176137
2758 3.039414119176137
5744 3.039414119176137
11867 3.039414119176137
5093 3.039414119176137
2544 2.1943160791618803
10405 3.039414119176137
3935 3.039414119176137
2519 3.039414119176137
7347 3.039414119176137
5668 3.039414119176137
3789 2.5622928644564746
4106 3.039414119176137
2359 2.4373541278481747
480 3.039414119176137
5514 3.039414119176137
3731 3.039414119176137
367 1.8633228601204557
7438 2.4373541278481747
1935 2.4373541278481747
420 3.039414119176137
9385 3.039414119176137
214 3.039414119176137
373 3.039414119176137
3315 3.039414119176137
5984 2.738384123512156
4420 2.2612628687924934
3711 3.039414119176137
8173 2.738384123512156
614 3.039414119176137
7787 3.039414119176137
9163 3.039414119176137
395 3.039414119176137
7954 2.738384123512156
7901 1.9602328731285121
5594 2.738384123512156
4912 2.738384123512156
6599 3.039414119176137
9390 3.039414119176137
3421 3.039414119176137
3777 2.2612628687924934
203 3.039414119176137
4139 3.039414119176137
6746 2.4373541278481747
2213 3.039414119176137
4854 2.738384123512156
3852 3.039414119176137
8840 2.5622928644564746
4677 3.039414119176137
8978 3.039414119176137
10365 3.039414119176137
3433 3.039414119176137
11094 3.039414119176137
12017 2.5622928644564746
7794 3.039414119176137
6051 3.039414119176137
3522 2.738384123512156
11961 3.039414119176137
7140 2.738384123512156
1519 2.738384123512156
5498 3.039414119176137
441 2.738384123512156
4897 3.039414119176137
105 2.5622928644564746
9134 3.039414119176137
5040 3.039414119176137
6688 3.039414119176137
5975 3.039414119176137
7531 3.039414119176137
1987 3.039414119176137
2606 2.4373541278481747
10226 3.039414119176137
8947 3.039414119176137
4417 2.340444114840118
6146 3.039414119176137
10516 2.738384123512156
1326 3.039414119176137
4443 3.039414119176137
137 3.039414119176137
11569 2.738384123512156
2654 2.738384123512156
2212 3.039414119176137
2153 3.039414119176137
2264 2.738384123512156
10222 3.039414119176137
10828 3.039414119176137
6100 3.039414119176137
6087 3.039414119176137
7827 3.039414119176137
1867 3.039414119176137
4705 3.039414119176137
697 2.4373541278481747
5819 3.039414119176137
4096 3.039414119176137
8776 3.039414119176137
9050 2.340444114840118
6107 3.039414119176137
9605 3.039414119176137
5221 3.039414119176137
2081 3.039414119176137
2920 2.738384123512156
9120 3.039414119176137
6815 3.039414119176137
4766 3.039414119176137
2828 3.039414119176137
6822 3.039414119176137
1390 3.039414119176137
2652 3.039414119176137
1906 3.039414119176137
1736 3.039414119176137
5903 3.039414119176137
4790 3.039414119176137
10077 3.039414119176137
12048 3.039414119176137
2637 3.039414119176137
3462 3.039414119176137
3864 3.039414119176137
6625 3.039414119176137
9010 3.039414119176137
11344 3.039414119176137
9114 3.039414119176137
10655 3.039414119176137
6320 3.039414119176137
7151 3.039414119176137
3502 3.039414119176137
9618 3.039414119176137
3846 3.039414119176137
10657 6.078828238352274
6007 3.039414119176137
45 3.039414119176137
10459 3.039414119176137
5987 3.039414119176137
2275 3.039414119176137
8576 3.039414119176137
5101 3.039414119176137
5342 2.738384123512156
5606 3.039414119176137
4875 2.738384123512156
9752 3.039414119176137
8328 3.039414119176137
1853 2.738384123512156
2621 3.039414119176137
4383 3.039414119176137
5196 3.039414119176137
1111 3.039414119176137
3727 3.039414119176137
2339 3.039414119176137
2234 3.039414119176137
11710 3.039414119176137
3988 3.039414119176137
8215 3.039414119176137
1913 3.039414119176137
6079 3.039414119176137
7884 3.039414119176137
7853 3.039414119176137
4559 3.039414119176137
3861 2.039414119176137
1512 3.039414119176137
6872 3.039414119176137
8065 3.039414119176137
5488 3.039414119176137
9337 3.039414119176137
10642 3.039414119176137
7048 3.039414119176137
3313 3.039414119176137
5776 3.039414119176137
10596 2.738384123512156
8542 3.039414119176137
1468 3.039414119176137
4061 3.039414119176137
6196 3.039414119176137
11093 3.039414119176137
88 3.039414119176137
7157 1.760660518223308
3565 3.039414119176137
1717 3.039414119176137
9147 3.039414119176137
9575 3.039414119176137
8066 3.039414119176137
8866 3.039414119176137
4424 3.039414119176137
11998 3.039414119176137
5224 3.039414119176137
6753 3.039414119176137
3804 3.039414119176137
9164 3.039414119176137
2130 2.738384123512156
2477 3.039414119176137
7391 3.039414119176137
2084 3.039414119176137
10313 3.039414119176137
532 3.039414119176137
6452 3.039414119176137
9564 2.340444114840118
1185 2.4373541278481747
11161 3.039414119176137
8722 3.039414119176137
8701 3.039414119176137
2966 3.039414119176137
5640 3.039414119176137
6169 3.039414119176137
12087 3.039414119176137
1572 3.039414119176137
232 3.039414119176137
11158 3.039414119176137
1130 3.039414119176137
464 3.039414119176137
8873 3.039414119176137
9966 3.039414119176137
3618 3.039414119176137
319 3.039414119176137
2633 2.2612628687924934
831 3.039414119176137
3695 2.738384123512156
6103 3.039414119176137
1791 3.039414119176137
9060 3.039414119176137
1898 3.039414119176137
1553 2.738384123512156
9099 3.039414119176137
12038 3.039414119176137
5393 3.039414119176137
11858 3.039414119176137
1703 3.039414119176137
8922 3.039414119176137
7767 2.738384123512156
12129 3.039414119176137
2627 3.039414119176137
1446 3.039414119176137
8127 3.039414119176137
552 3.039414119176137
6574 3.039414119176137
2685 3.039414119176137
9576 3.039414119176137
10850 3.039414119176137
9111 3.039414119176137
11938 3.039414119176137
2433 3.039414119176137
4994 3.039414119176137
6185 3.039414119176137
1788 3.039414119176137
7673 3.039414119176137
564 3.039414119176137
3456 3.039414119176137
8906 3.039414119176137
5398 2.340444114840118
12027 2.1943160791618803
4901 3.039414119176137
3030 3.039414119176137
4267 3.039414119176137
1351 3.039414119176137
9027 3.039414119176137
3878 3.039414119176137
5012 3.039414119176137
4461 3.039414119176137
6848 3.039414119176137
103 2.738384123512156
8551 3.039414119176137
8330 3.039414119176137
366 2.738384123512156
4733 3.039414119176137
2178 3.039414119176137
1957 3.039414119176137
2256 2.738384123512156
9914 3.039414119176137
3568 3.039414119176137
9404 3.039414119176137
9518 3.039414119176137
3575 3.039414119176137
3672 3.039414119176137
5674 3.039414119176137
230 2.738384123512156
106 3.039414119176137
5770 2.738384123512156
9126 3.039414119176137
8900 2.039414119176137
2348 3.039414119176137
4811 3.039414119176137
3590 2.738384123512156
2077 3.039414119176137
5014 3.039414119176137
447 3.039414119176137
5268 3.039414119176137
7070 3.039414119176137
548 3.039414119176137
8388 3.039414119176137
8116 3.039414119176137
4624 3.039414119176137
10106 3.039414119176137
9396 3.039414119176137
7682 3.039414119176137
11942 3.039414119176137
6905 2.340444114840118
11748 3.039414119176137
6114 3.039414119176137
1605 3.039414119176137
10640 3.039414119176137
4462 3.039414119176137
9631 3.039414119176137
6860 3.039414119176137
1413 3.039414119176137
3464 3.039414119176137
4750 3.039414119176137
10856 2.1943160791618803
4422 3.039414119176137
8314 2.738384123512156
10755 3.039414119176137
