467
t_index tf-idf 
11996 2.085171609736812
4977 3.039414119176137
6600 3.039414119176137
1948 2.5622928644564746
11898 3.039414119176137
843 3.039414119176137
3186 3.039414119176137
4022 3.039414119176137
10310 3.039414119176137
8274 1.1881557704570618
5005 3.039414119176137
12105 3.039414119176137
10137 3.039414119176137
10119 3.039414119176137
4289 3.039414119176137
4973 2.5622928644564746
5673 2.340444114840118
2056 3.039414119176137
9289 3.039414119176137
4409 3.039414119176137
8276 2.5622928644564746
3342 2.340444114840118
7902 2.4373541278481747
69 3.039414119176137
9620 2.039414119176137
12192 2.2612628687924934
10571 3.039414119176137
10977 2.738384123512156
210 3.039414119176137
11621 3.039414119176137
1500 2.738384123512156
8397 3.039414119176137
8507 2.738384123512156
2162 3.039414119176137
8104 2.738384123512156
3284 3.039414119176137
4645 3.039414119176137
10634 3.039414119176137
11943 2.5622928644564746
6382 3.039414119176137
913 3.039414119176137
6040 2.738384123512156
7539 3.039414119176137
8584 3.039414119176137
3160 3.039414119176137
6030 3.039414119176137
3459 3.039414119176137
1719 3.039414119176137
1878 3.039414119176137
7222 1.9980214340179119
10620 3.039414119176137
8298 3.039414119176137
7229 3.039414119176137
8119 2.738384123512156
6142 3.039414119176137
9224 2.340444114840118
12085 3.039414119176137
8572 3.039414119176137
1563 3.039414119176137
9077 3.039414119176137
9409 3.039414119176137
11140 3.039414119176137
2740 3.039414119176137
10566 3.039414119176137
4071 3.039414119176137
11707 3.039414119176137
236 3.039414119176137
7437 3.039414119176137
3317 3.039414119176137
10765 3.039414119176137
2457 3.039414119176137
10903 3.039414119176137
7460 3.039414119176137
9290 3.039414119176137
12058 3.039414119176137
4793 3.039414119176137
1110 3.039414119176137
9519 2.340444114840118
10265 2.1943160791618803
9815 3.039414119176137
5360 3.039414119176137
2758 3.039414119176137
5744 3.039414119176137
1706 3.039414119176137
8149 2.5622928644564746
6252 3.039414119176137
2350 3.039414119176137
2544 2.1943160791618803
9436 3.039414119176137
9746 3.039414119176137
6381 2.340444114840118
1122 3.039414119176137
2808 3.039414119176137
2734 2.5622928644564746
4631 3.039414119176137
2519 3.039414119176137
2062 3.039414119176137
10135 3.039414119176137
38 3.039414119176137
11812 3.039414119176137
3789 2.5622928644564746
3343 3.039414119176137
9514 2.738384123512156
2359 2.4373541278481747
4800 2.738384123512156
10649 3.039414119176137
3007 2.5622928644564746
367 1.8633228601204557
7522 3.039414119176137
7436 3.039414119176137
12126 3.039414119176137
4869 3.039414119176137
1935 2.4373541278481747
5153 3.039414119176137
3431 3.039414119176137
6796 3.039414119176137
3496 3.039414119176137
9385 3.039414119176137
2157 3.039414119176137
6478 3.039414119176137
2678 3.039414119176137
3315 3.039414119176137
9568 2.5622928644564746
579 3.039414119176137
3501 3.039414119176137
5984 2.738384123512156
8511 3.039414119176137
8114 2.2612628687924934
9218 3.039414119176137
7640 3.039414119176137
8233 3.039414119176137
2098 3.039414119176137
11813 2.738384123512156
8709 3.039414119176137
1982 3.039414119176137
1849 3.039414119176137
8937 3.039414119176137
12212 3.039414119176137
3682 3.039414119176137
5594 2.738384123512156
4912 2.738384123512156
3421 3.039414119176137
10807 3.039414119176137
1675 3.039414119176137
11894 2.1363241321841935
7502 3.039414119176137
203 3.039414119176137
1286 3.039414119176137
6607 3.039414119176137
11256 3.039414119176137
4854 2.738384123512156
7114 3.039414119176137
2255 3.039414119176137
2671 3.039414119176137
12042 3.039414119176137
9563 3.039414119176137
11043 2.738384123512156
10365 3.039414119176137
111 3.039414119176137
7127 3.039414119176137
11094 3.039414119176137
12017 2.5622928644564746
10055 2.738384123512156
9983 3.039414119176137
2601 3.039414119176137
7794 3.039414119176137
6051 3.039414119176137
3733 2.738384123512156
11967 2.738384123512156
11961 3.039414119176137
10795 3.039414119176137
3765 3.039414119176137
7140 2.738384123512156
11958 3.039414119176137
1519 2.738384123512156
12011 3.039414119176137
10156 2.738384123512156
11125 3.039414119176137
4897 3.039414119176137
3042 3.039414119176137
8361 3.039414119176137
10117 2.5622928644564746
4744 2.5622928644564746
8042 3.039414119176137
3999 2.4373541278481747
3856 3.039414119176137
104 3.039414119176137
3164 2.5622928644564746
7001 2.738384123512156
7531 3.039414119176137
11855 3.039414119176137
8648 3.039414119176137
4379 2.738384123512156
3871 3.039414119176137
1440 3.039414119176137
2148 3.039414119176137
132 3.039414119176137
8040 3.039414119176137
11433 3.039414119176137
3636 3.039414119176137
4426 3.039414119176137
2260 3.039414119176137
3868 3.039414119176137
11181 3.039414119176137
11569 2.738384123512156
4668 2.738384123512156
9855 3.039414119176137
8017 3.039414119176137
4501 3.039414119176137
2654 2.738384123512156
2356 3.039414119176137
10363 3.039414119176137
3041 3.039414119176137
10222 3.039414119176137
4554 3.039414119176137
10505 3.039414119176137
10902 3.039414119176137
7827 3.039414119176137
3661 3.039414119176137
4681 3.039414119176137
9050 2.340444114840118
2021 3.039414119176137
11930 3.039414119176137
8134 3.039414119176137
2920 2.738384123512156
9120 3.039414119176137
10161 3.039414119176137
8200 3.039414119176137
4766 3.039414119176137
9526 2.5622928644564746
2828 3.039414119176137
6822 3.039414119176137
9613 3.039414119176137
330 3.039414119176137
726 3.039414119176137
2882 3.039414119176137
7702 3.039414119176137
1736 3.039414119176137
8799 3.039414119176137
6626 2.5622928644564746
1030 3.039414119176137
1764 3.039414119176137
5541 3.039414119176137
4079 3.039414119176137
3494 3.039414119176137
5918 3.039414119176137
10962 3.039414119176137
8132 3.039414119176137
11854 3.039414119176137
10259 3.039414119176137
4483 3.039414119176137
11063 3.039414119176137
1702 3.039414119176137
1951 3.039414119176137
4956 3.039414119176137
4412 3.039414119176137
1412 3.039414119176137
10260 3.039414119176137
5987 3.039414119176137
9040 3.039414119176137
504 3.039414119176137
1604 3.039414119176137
4368 3.039414119176137
10348 3.039414119176137
7270 2.4373541278481747
11020 3.039414119176137
1520 3.039414119176137
12057 3.039414119176137
3637 3.039414119176137
8707 3.039414119176137
1391 3.039414119176137
6893 3.039414119176137
8670 3.039414119176137
4123 3.039414119176137
4325 3.039414119176137
6665 3.039414119176137
1599 3.039414119176137
2569 3.039414119176137
1295 3.039414119176137
6010 3.039414119176137
8767 3.039414119176137
1853 2.738384123512156
5196 3.039414119176137
8072 3.039414119176137
8602 3.039414119176137
872 3.039414119176137
1119 3.039414119176137
8394 3.039414119176137
9004 2.738384123512156
9321 3.039414119176137
500 3.039414119176137
2240 3.039414119176137
6028 3.039414119176137
3861 2.039414119176137
6063 3.039414119176137
10246 3.039414119176137
6230 3.039414119176137
1512 3.039414119176137
3573 3.039414119176137
9812 3.039414119176137
1340 3.039414119176137
8362 3.039414119176137
5488 3.039414119176137
12084 2.738384123512156
4521 2.738384123512156
9669 3.039414119176137
10763 2.4373541278481747
6793 3.039414119176137
10648 3.039414119176137
10596 2.738384123512156
1468 3.039414119176137
117 3.039414119176137
937 3.039414119176137
8656 3.039414119176137
9964 3.039414119176137
4570 3.039414119176137
10147 3.039414119176137
6295 3.039414119176137
2017 2.5622928644564746
1141 3.039414119176137
3795 3.039414119176137
11234 3.039414119176137
9826 3.039414119176137
6976 3.039414119176137
9028 3.039414119176137
2682 2.039414119176137
4054 3.039414119176137
9678 3.039414119176137
5916 3.039414119176137
85 3.039414119176137
11998 3.039414119176137
5277 3.039414119176137
4069 3.039414119176137
416 3.039414119176137
2536 3.039414119176137
9607 3.039414119176137
7391 3.039414119176137
10410 3.039414119176137
6949 3.039414119176137
7509 3.039414119176137
7752 3.039414119176137
823 3.039414119176137
11928 3.039414119176137
6891 2.738384123512156
3117 3.039414119176137
5657 3.039414119176137
1352 3.039414119176137
11895 3.039414119176137
3966 3.039414119176137
1873 3.039414119176137
9564 2.340444114840118
2170 2.4373541278481747
451 3.039414119176137
9684 3.039414119176137
3484 3.039414119176137
2656 3.039414119176137
8701 3.039414119176137
5079 3.039414119176137
4415 3.039414119176137
7811 2.738384123512156
8873 3.039414119176137
3956 3.039414119176137
3094 3.039414119176137
3618 3.039414119176137
7836 3.039414119176137
7307 3.039414119176137
3695 2.738384123512156
3547 3.039414119176137
7359 3.039414119176137
6991 2.738384123512156
1791 3.039414119176137
9060 3.039414119176137
6519 3.039414119176137
1553 2.738384123512156
9184 3.039414119176137
3537 3.039414119176137
11437 3.039414119176137
8174 3.039414119176137
12038 3.039414119176137
2715 3.039414119176137
12047 3.039414119176137
1774 3.039414119176137
8724 2.738384123512156
11701 2.4373541278481747
10212 2.738384123512156
4400 1.8089651977978631
8939 3.039414119176137
7767 2.738384123512156
6262 3.039414119176137
1446 3.039414119176137
7510 3.039414119176137
6574 3.039414119176137
7773 3.039414119176137
3328 3.039414119176137
2171 3.039414119176137
2238 3.039414119176137
486 3.039414119176137
1085 2.5622928644564746
8334 3.039414119176137
12027 2.1943160791618803
10032 3.039414119176137
3912 3.039414119176137
10941 3.039414119176137
8734 3.039414119176137
1351 3.039414119176137
12035 3.039414119176137
898 3.039414119176137
103 2.738384123512156
3291 3.039414119176137
162 3.039414119176137
4380 3.039414119176137
366 2.738384123512156
8466 3.039414119176137
8717 3.039414119176137
10872 1.8089651977978631
869 3.039414119176137
9135 3.039414119176137
1732 3.039414119176137
4350 3.039414119176137
4775 3.039414119176137
6836 2.738384123512156
141 3.039414119176137
9518 3.039414119176137
5674 3.039414119176137
6253 3.039414119176137
230 2.738384123512156
9223 3.039414119176137
10741 3.039414119176137
9126 3.039414119176137
8900 2.039414119176137
5535 3.039414119176137
1079 3.039414119176137
4876 3.039414119176137
5999 3.039414119176137
7495 3.039414119176137
12164 3.039414119176137
11088 3.039414119176137
10481 3.039414119176137
5181 3.039414119176137
9066 3.039414119176137
10123 3.039414119176137
8848 3.039414119176137
9396 3.039414119176137
3985 3.039414119176137
4278 3.039414119176137
10173 3.039414119176137
2450 3.039414119176137
6011 3.039414119176137
8515 3.039414119176137
7197 3.039414119176137
2092 3.039414119176137
11528 3.039414119176137
804 3.039414119176137
10430 3.039414119176137
4757 3.039414119176137
11284 3.039414119176137
2333 3.039414119176137
8986 3.039414119176137
11953 2.340444114840118
7839 3.039414119176137
262 2.738384123512156
8519 3.039414119176137
10856 2.1943160791618803
4308 2.2612628687924934
1443 3.039414119176137
10755 3.039414119176137
10012 3.039414119176137
