440
t_index tf-idf 
11996 2.085171609736812
4977 3.039414119176137
1948 2.5622928644564746
12230 1.8633228601204557
7511 2.738384123512156
4022 3.039414119176137
8274 1.1881557704570618
9935 1.9602328731285121
6762 2.5622928644564746
12105 3.039414119176137
955 2.738384123512156
9587 2.738384123512156
10421 2.738384123512156
8714 3.039414119176137
939 2.5622928644564746
8461 3.039414119176137
6408 3.039414119176137
8276 2.5622928644564746
3342 2.340444114840118
7902 2.4373541278481747
7934 3.039414119176137
10977 2.738384123512156
12192 2.2612628687924934
10923 2.738384123512156
9586 3.039414119176137
1500 2.738384123512156
8667 3.039414119176137
8507 2.738384123512156
5443 3.039414119176137
8201 2.2612628687924934
2162 3.039414119176137
8784 2.738384123512156
11943 2.5622928644564746
3435 3.039414119176137
6382 3.039414119176137
11209 3.039414119176137
5218 3.039414119176137
9816 2.738384123512156
5654 3.039414119176137
1009 2.738384123512156
6121 3.039414119176137
11241 2.340444114840118
8119 2.738384123512156
8819 3.039414119176137
4787 3.039414119176137
9224 2.340444114840118
9182 3.039414119176137
7606 3.039414119176137
2025 3.039414119176137
12114 1.8352941365202122
10566 3.039414119176137
2486 3.039414119176137
8683 3.039414119176137
9774 3.039414119176137
236 3.039414119176137
7437 3.039414119176137
12229 2.4373541278481747
562 2.340444114840118
5972 3.039414119176137
11838 3.039414119176137
2875 3.039414119176137
8619 3.039414119176137
3182 3.039414119176137
326 3.039414119176137
9290 3.039414119176137
11798 2.4373541278481747
5856 3.039414119176137
4793 3.039414119176137
7192 3.039414119176137
9519 2.340444114840118
10265 2.1943160791618803
6333 3.039414119176137
280 3.039414119176137
4523 3.039414119176137
9815 3.039414119176137
9581 3.039414119176137
2350 3.039414119176137
11867 3.039414119176137
5093 3.039414119176137
2544 2.1943160791618803
10405 3.039414119176137
1331 2.4373541278481747
6381 2.340444114840118
9090 3.039414119176137
3935 3.039414119176137
1530 2.4373541278481747
8803 3.039414119176137
8951 2.738384123512156
10707 3.039414119176137
4127 3.039414119176137
248 3.039414119176137
367 1.8633228601204557
7438 2.4373541278481747
4034 3.039414119176137
77 3.039414119176137
2262 2.738384123512156
1935 2.4373541278481747
5361 2.5622928644564746
214 3.039414119176137
6478 3.039414119176137
3315 3.039414119176137
9568 2.5622928644564746
2915 3.039414119176137
1661 3.039414119176137
5984 2.738384123512156
8049 3.039414119176137
959 3.039414119176137
8114 2.2612628687924934
9218 3.039414119176137
614 3.039414119176137
7787 3.039414119176137
9588 2.340444114840118
5594 2.738384123512156
4912 2.738384123512156
3421 3.039414119176137
5849 3.039414119176137
6036 2.5622928644564746
1675 3.039414119176137
11894 2.1363241321841935
7502 3.039414119176137
6607 3.039414119176137
1303 3.039414119176137
10523 3.039414119176137
11765 3.039414119176137
3850 2.738384123512156
1571 3.039414119176137
8840 2.5622928644564746
6223 2.5622928644564746
5512 3.039414119176137
2255 3.039414119176137
6597 3.039414119176137
7718 3.039414119176137
11043 2.738384123512156
8978 3.039414119176137
10365 3.039414119176137
8896 3.039414119176137
3433 3.039414119176137
1227 3.039414119176137
10792 2.738384123512156
3733 2.738384123512156
11961 3.039414119176137
8781 3.039414119176137
3765 3.039414119176137
7140 2.738384123512156
5498 3.039414119176137
441 2.738384123512156
4897 3.039414119176137
10117 2.5622928644564746
803 3.039414119176137
4796 3.039414119176137
2196 3.039414119176137
727 3.039414119176137
7424 3.039414119176137
1642 3.039414119176137
7145 3.039414119176137
11966 3.039414119176137
6180 2.5622928644564746
3252 2.5622928644564746
1325 2.738384123512156
3560 2.738384123512156
2148 3.039414119176137
10245 2.738384123512156
6126 3.039414119176137
9340 3.039414119176137
132 3.039414119176137
8040 3.039414119176137
2788 3.039414119176137
7769 3.039414119176137
8262 3.039414119176137
2716 3.039414119176137
7860 3.039414119176137
5911 3.039414119176137
7183 3.039414119176137
10801 3.039414119176137
11801 3.039414119176137
10228 3.039414119176137
11436 2.1363241321841935
627 3.039414119176137
2109 3.039414119176137
754 3.039414119176137
8675 3.039414119176137
10605 3.039414119176137
2654 2.738384123512156
6992 3.039414119176137
3805 3.039414119176137
10341 3.039414119176137
2635 2.738384123512156
2612 3.039414119176137
10440 3.039414119176137
3723 2.738384123512156
2358 3.039414119176137
11866 2.738384123512156
10406 3.039414119176137
2575 3.039414119176137
6107 3.039414119176137
2137 2.738384123512156
2081 3.039414119176137
159 3.039414119176137
10927 3.039414119176137
2918 3.039414119176137
169 3.039414119176137
10086 3.039414119176137
3268 3.039414119176137
330 3.039414119176137
2652 3.039414119176137
2882 3.039414119176137
1736 3.039414119176137
6626 2.5622928644564746
1551 2.738384123512156
7608 3.039414119176137
11854 3.039414119176137
1679 3.039414119176137
4516 2.738384123512156
11156 3.039414119176137
11141 3.039414119176137
454 3.039414119176137
3375 3.039414119176137
1391 3.039414119176137
2159 3.039414119176137
3262 3.039414119176137
2243 3.039414119176137
2441 3.039414119176137
7938 3.039414119176137
2643 2.738384123512156
5196 3.039414119176137
8558 3.039414119176137
5697 3.039414119176137
2869 3.039414119176137
872 3.039414119176137
11876 3.039414119176137
3861 2.039414119176137
8509 3.039414119176137
6230 3.039414119176137
3129 3.039414119176137
3269 3.039414119176137
3559 3.039414119176137
8407 3.039414119176137
276 3.039414119176137
1340 3.039414119176137
8117 3.039414119176137
2919 3.039414119176137
9039 3.039414119176137
1229 3.039414119176137
4521 2.738384123512156
10439 3.039414119176137
5776 3.039414119176137
3419 3.039414119176137
1228 3.039414119176137
7066 3.039414119176137
9370 3.039414119176137
937 3.039414119176137
8656 3.039414119176137
5406 3.039414119176137
7936 3.039414119176137
4570 3.039414119176137
2075 3.039414119176137
7504 3.039414119176137
7405 3.039414119176137
3432 3.039414119176137
9028 3.039414119176137
557 2.738384123512156
3385 3.039414119176137
9154 3.039414119176137
665 3.039414119176137
1641 3.039414119176137
5224 3.039414119176137
2432 2.738384123512156
11164 3.039414119176137
4607 3.039414119176137
3739 3.039414119176137
3104 3.039414119176137
9554 3.039414119176137
215 3.039414119176137
7508 3.039414119176137
6891 2.738384123512156
11534 3.039414119176137
9564 2.340444114840118
1185 2.4373541278481747
4416 3.039414119176137
6531 3.039414119176137
5781 3.039414119176137
2229 3.039414119176137
3779 3.039414119176137
538 3.039414119176137
152 3.039414119176137
3863 3.039414119176137
10396 3.039414119176137
4286 3.039414119176137
2230 3.039414119176137
5341 3.039414119176137
3537 3.039414119176137
2433 3.039414119176137
2715 3.039414119176137
3944 3.039414119176137
11701 2.4373541278481747
2627 3.039414119176137
6907 3.039414119176137
4398 3.039414119176137
1446 3.039414119176137
7510 3.039414119176137
6698 6.078828238352274
4132 3.039414119176137
9606 3.039414119176137
2906 3.039414119176137
6585 6.078828238352274
5586 3.039414119176137
2282 3.039414119176137
9137 3.039414119176137
1980 3.039414119176137
3027 6.078828238352274
9274 3.039414119176137
5045 3.039414119176137
2685 3.039414119176137
935 3.039414119176137
960 3.039414119176137
8835 3.039414119176137
10441 3.039414119176137
425 3.039414119176137
9889 3.039414119176137
2534 6.078828238352274
1794 3.039414119176137
6633 2.5622928644564746
5787 3.039414119176137
4896 24.315312953409094
2996 3.039414119176137
7528 3.039414119176137
11460 3.039414119176137
11887 6.078828238352274
12258 3.039414119176137
7932 2.738384123512156
4566 3.039414119176137
793 3.039414119176137
3075 3.039414119176137
1000 3.039414119176137
2171 3.039414119176137
10850 3.039414119176137
1839 6.078828238352274
10823 2.738384123512156
4018 3.039414119176137
6185 3.039414119176137
703 3.039414119176137
7587 3.039414119176137
11469 3.039414119176137
6529 3.039414119176137
10589 3.039414119176137
10170 3.039414119176137
3936 3.039414119176137
11310 3.039414119176137
9883 3.039414119176137
11274 3.039414119176137
4105 9.11824235752841
6072 3.039414119176137
6511 3.039414119176137
4612 3.039414119176137
3548 3.039414119176137
6639 3.039414119176137
6466 3.039414119176137
564 3.039414119176137
1600 3.039414119176137
6984 3.039414119176137
7917 3.039414119176137
3980 3.039414119176137
7446 3.039414119176137
7362 3.039414119176137
540 6.078828238352274
6078 3.039414119176137
4163 3.039414119176137
3047 3.039414119176137
6068 3.039414119176137
7862 6.078828238352274
696 3.039414119176137
5845 3.039414119176137
4971 3.039414119176137
7416 3.039414119176137
8906 3.039414119176137
6521 6.078828238352274
11552 3.039414119176137
11296 3.039414119176137
11195 6.078828238352274
8535 3.039414119176137
1892 3.039414119176137
2899 3.039414119176137
10408 3.039414119176137
1793 2.738384123512156
7331 3.039414119176137
4798 3.039414119176137
11076 3.039414119176137
1145 3.039414119176137
1877 3.039414119176137
4063 3.039414119176137
12027 2.1943160791618803
6919 3.039414119176137
1375 3.039414119176137
3843 3.039414119176137
10626 3.039414119176137
9577 3.039414119176137
584 3.039414119176137
2628 3.039414119176137
11637 3.039414119176137
11741 3.039414119176137
2977 3.039414119176137
2759 3.039414119176137
8613 3.039414119176137
252 3.039414119176137
10839 3.039414119176137
6265 3.039414119176137
355 3.039414119176137
8855 3.039414119176137
91 3.039414119176137
2792 3.039414119176137
9582 3.039414119176137
3990 3.039414119176137
8330 3.039414119176137
10043 3.039414119176137
4350 3.039414119176137
6046 3.039414119176137
9518 3.039414119176137
3575 3.039414119176137
7919 3.039414119176137
230 2.738384123512156
10741 3.039414119176137
9102 3.039414119176137
7543 3.039414119176137
2647 3.039414119176137
188 2.738384123512156
5996 3.039414119176137
7396 3.039414119176137
5155 3.039414119176137
9767 3.039414119176137
8446 3.039414119176137
3985 3.039414119176137
11183 2.738384123512156
11732 3.039414119176137
6701 2.340444114840118
2333 3.039414119176137
11277 3.039414119176137
12128 3.039414119176137
262 2.738384123512156
4409 3.039414119176137
1443 3.039414119176137
