266
t_index tf-idf 
10356 3.039414119176137
5232 3.039414119176137
690 3.039414119176137
4977 3.039414119176137
9098 3.039414119176137
5426 3.039414119176137
3030 3.039414119176137
10759 3.039414119176137
3636 3.039414119176137
3561 2.738384123512156
11258 3.039414119176137
5427 3.039414119176137
1838 3.039414119176137
4570 3.039414119176137
9289 3.039414119176137
7171 2.5622928644564746
8702 3.039414119176137
7378 3.039414119176137
7828 2.5622928644564746
2236 3.039414119176137
7515 3.039414119176137
3878 3.039414119176137
9027 3.039414119176137
3093 3.039414119176137
6966 3.039414119176137
12133 2.738384123512156
9620 2.039414119176137
7860 3.039414119176137
210 3.039414119176137
5022 3.039414119176137
5632 3.039414119176137
4308 2.2612628687924934
10977 2.738384123512156
5532 3.039414119176137
5816 3.039414119176137
10836 3.039414119176137
409 3.039414119176137
2150 3.039414119176137
2259 3.039414119176137
5614 3.039414119176137
11436 2.1363241321841935
9575 3.039414119176137
1251 3.039414119176137
10922 3.039414119176137
8104 2.738384123512156
12108 3.039414119176137
11943 2.5622928644564746
11569 2.738384123512156
3432 3.039414119176137
5771 3.039414119176137
12103 2.5622928644564746
6204 3.039414119176137
8924 3.039414119176137
12160 3.039414119176137
1009 2.738384123512156
9096 3.039414119176137
557 2.738384123512156
3160 3.039414119176137
366 2.738384123512156
2264 2.738384123512156
3385 3.039414119176137
3041 3.039414119176137
7222 1.9980214340179119
11241 2.340444114840118
8463 3.039414119176137
10544 3.039414119176137
865 3.039414119176137
7168 3.039414119176137
6835 3.039414119176137
3739 3.039414119176137
582 3.039414119176137
1563 3.039414119176137
71 3.039414119176137
11866 2.738384123512156
697 2.4373541278481747
6900 3.039414119176137
236 3.039414119176137
7437 3.039414119176137
9881 2.738384123512156
9055 3.039414119176137
481 3.039414119176137
11251 3.039414119176137
2692 3.039414119176137
8928 3.039414119176137
9605 3.039414119176137
2875 3.039414119176137
2081 3.039414119176137
3182 3.039414119176137
9290 3.039414119176137
10525 2.738384123512156
4241 3.039414119176137
7460 3.039414119176137
8171 3.039414119176137
2177 3.039414119176137
5735 3.039414119176137
10265 2.1943160791618803
11928 3.039414119176137
461 3.039414119176137
5255 3.039414119176137
9526 2.5622928644564746
6901 3.039414119176137
10371 3.039414119176137
12157 3.039414119176137
4630 3.039414119176137
4702 3.039414119176137
10619 3.039414119176137
206 3.039414119176137
7055 3.039414119176137
7224 3.039414119176137
9601 3.039414119176137
9076 3.039414119176137
1425 3.039414119176137
9122 3.039414119176137
9632 3.039414119176137
5369 3.039414119176137
2758 3.039414119176137
9664 3.039414119176137
6252 3.039414119176137
5674 3.039414119176137
8270 3.039414119176137
2350 3.039414119176137
2544 2.1943160791618803
11196 3.039414119176137
2642 3.039414119176137
2515 3.039414119176137
11096 3.039414119176137
7830 3.039414119176137
1611 3.039414119176137
5753 3.039414119176137
11854 3.039414119176137
2369 3.039414119176137
2348 3.039414119176137
9714 3.039414119176137
2062 3.039414119176137
6635 2.340444114840118
6740 3.039414119176137
10090 3.039414119176137
4010 3.039414119176137
10600 2.738384123512156
3789 2.5622928644564746
8608 3.039414119176137
201 3.039414119176137
2232 3.039414119176137
1259 3.039414119176137
4648 3.039414119176137
1562 3.039414119176137
7800 3.039414119176137
9761 3.039414119176137
2647 3.039414119176137
4876 3.039414119176137
3094 3.039414119176137
10588 3.039414119176137
7436 3.039414119176137
6007 3.039414119176137
9467 3.039414119176137
7169 3.039414119176137
5987 3.039414119176137
10087 3.039414119176137
9622 3.039414119176137
7674 3.039414119176137
9385 3.039414119176137
11020 3.039414119176137
11217 3.039414119176137
5268 3.039414119176137
6318 3.039414119176137
10427 3.039414119176137
621 3.039414119176137
6478 3.039414119176137
6974 3.039414119176137
959 3.039414119176137
8670 3.039414119176137
8114 2.2612628687924934
4325 3.039414119176137
320 3.039414119176137
11088 3.039414119176137
10990 3.039414119176137
3331 2.340444114840118
9898 3.039414119176137
283 3.039414119176137
8568 3.039414119176137
1422 3.039414119176137
2223 3.039414119176137
5594 2.738384123512156
3174 3.039414119176137
4912 2.738384123512156
9099 3.039414119176137
2050 3.039414119176137
578 3.039414119176137
4989 3.039414119176137
11102 3.039414119176137
5196 3.039414119176137
10171 2.5622928644564746
3777 2.2612628687924934
203 3.039414119176137
8602 3.039414119176137
12094 3.039414119176137
4777 3.039414119176137
7216 3.039414119176137
9396 3.039414119176137
340 3.039414119176137
11101 3.039414119176137
8617 3.039414119176137
1703 3.039414119176137
9004 2.738384123512156
193 3.039414119176137
2554 3.039414119176137
2255 3.039414119176137
10518 3.039414119176137
6028 3.039414119176137
8115 3.039414119176137
5308 3.039414119176137
5290 3.039414119176137
2757 3.039414119176137
4400 1.8089651977978631
11617 3.039414119176137
6230 3.039414119176137
1512 3.039414119176137
1292 3.039414119176137
2045 2.738384123512156
6661 3.039414119176137
1153 3.039414119176137
1340 3.039414119176137
5175 3.039414119176137
9252 3.039414119176137
6874 3.039414119176137
10590 3.039414119176137
916 3.039414119176137
6051 3.039414119176137
9762 3.039414119176137
9337 3.039414119176137
11300 3.039414119176137
3522 2.738384123512156
11184 3.039414119176137
5977 3.039414119176137
7773 3.039414119176137
1974 3.039414119176137
7048 3.039414119176137
4744 2.5622928644564746
10763 2.4373541278481747
6185 3.039414119176137
6554 3.039414119176137
5891 3.039414119176137
2433 3.039414119176137
6468 3.039414119176137
6349 3.039414119176137
1778 3.039414119176137
2333 3.039414119176137
5776 3.039414119176137
3999 2.4373541278481747
8919 2.738384123512156
5777 3.039414119176137
6385 6.078828238352274
4102 3.039414119176137
12128 3.039414119176137
8029 3.039414119176137
4572 3.039414119176137
11006 3.039414119176137
234 3.039414119176137
6688 3.039414119176137
5975 3.039414119176137
9763 3.039414119176137
7349 2.5622928644564746
11966 3.039414119176137
10856 2.1943160791618803
3252 2.5622928644564746
8314 2.738384123512156
