487
t_index tf-idf 
11996 2.085171609736812
4977 3.039414119176137
1948 2.5622928644564746
11898 3.039414119176137
12230 1.8633228601204557
7511 2.738384123512156
4022 3.039414119176137
10310 3.039414119176137
8274 1.1881557704570618
9935 1.9602328731285121
6762 2.5622928644564746
955 2.738384123512156
9587 2.738384123512156
10421 2.738384123512156
9091 3.039414119176137
5673 2.340444114840118
9289 3.039414119176137
6408 3.039414119176137
8276 2.5622928644564746
3342 2.340444114840118
7902 2.4373541278481747
3093 3.039414119176137
10977 2.738384123512156
12192 2.2612628687924934
9586 3.039414119176137
6455 2.738384123512156
1500 2.738384123512156
8397 3.039414119176137
3072 3.039414119176137
8201 2.2612628687924934
1609 3.039414119176137
2431 3.039414119176137
10460 3.039414119176137
9238 3.039414119176137
6382 3.039414119176137
11209 3.039414119176137
10630 3.039414119176137
10182 3.039414119176137
913 3.039414119176137
4157 3.039414119176137
6170 3.039414119176137
8144 3.039414119176137
8584 3.039414119176137
6030 3.039414119176137
1719 3.039414119176137
1878 3.039414119176137
2991 3.039414119176137
7222 1.9980214340179119
6121 3.039414119176137
3645 3.039414119176137
11241 2.340444114840118
3623 2.5622928644564746
8047 3.039414119176137
9224 2.340444114840118
700 3.039414119176137
9182 3.039414119176137
12085 3.039414119176137
7606 3.039414119176137
6525 2.5622928644564746
3298 3.039414119176137
1123 3.039414119176137
2740 3.039414119176137
10539 3.039414119176137
10566 3.039414119176137
11707 3.039414119176137
8465 3.039414119176137
10656 3.039414119176137
7437 3.039414119176137
6133 2.738384123512156
12229 2.4373541278481747
562 2.340444114840118
481 3.039414119176137
10765 3.039414119176137
4199 3.039414119176137
3526 3.039414119176137
2457 3.039414119176137
10435 2.5622928644564746
11838 3.039414119176137
2875 3.039414119176137
3182 3.039414119176137
6867 2.4373541278481747
4489 3.039414119176137
326 3.039414119176137
9290 3.039414119176137
11798 2.4373541278481747
5856 3.039414119176137
423 2.738384123512156
917 3.039414119176137
2787 3.039414119176137
10265 2.1943160791618803
2990 3.039414119176137
8664 3.039414119176137
6541 3.039414119176137
2126 3.039414119176137
6195 3.039414119176137
9581 3.039414119176137
3035 3.039414119176137
2350 3.039414119176137
11867 3.039414119176137
4182 3.039414119176137
9342 3.039414119176137
2544 2.1943160791618803
9719 3.039414119176137
10453 3.039414119176137
9090 3.039414119176137
3935 3.039414119176137
8424 3.039414119176137
1932 3.039414119176137
6740 3.039414119176137
11812 3.039414119176137
3789 2.5622928644564746
2072 2.738384123512156
3343 3.039414119176137
5676 3.039414119176137
6238 3.039414119176137
9514 2.738384123512156
8951 2.738384123512156
4800 2.738384123512156
10588 3.039414119176137
7438 2.4373541278481747
6259 3.039414119176137
7206 3.039414119176137
77 3.039414119176137
7674 3.039414119176137
7740 3.039414119176137
6796 3.039414119176137
10961 3.039414119176137
2678 3.039414119176137
1661 3.039414119176137
5984 2.738384123512156
8114 2.2612628687924934
6194 3.039414119176137
9218 3.039414119176137
7423 3.039414119176137
8173 2.738384123512156
8991 3.039414119176137
811 3.039414119176137
9588 2.340444114840118
5006 3.039414119176137
12034 2.738384123512156
7413 3.039414119176137
11449 3.039414119176137
3682 3.039414119176137
6090 2.738384123512156
3174 3.039414119176137
3421 3.039414119176137
1286 3.039414119176137
4139 3.039414119176137
10013 3.039414119176137
7785 3.039414119176137
6607 3.039414119176137
4777 3.039414119176137
7904 3.039414119176137
11101 3.039414119176137
773 3.039414119176137
7114 3.039414119176137
2255 3.039414119176137
7776 3.039414119176137
12042 3.039414119176137
8892 2.5622928644564746
11642 3.039414119176137
7366 3.039414119176137
7999 2.738384123512156
11043 2.738384123512156
7718 3.039414119176137
2725 3.039414119176137
8978 3.039414119176137
1686 3.039414119176137
10365 3.039414119176137
3658 3.039414119176137
10438 3.039414119176137
10792 2.738384123512156
6202 3.039414119176137
1334 3.039414119176137
12017 2.5622928644564746
6803 3.039414119176137
6482 3.039414119176137
6481 3.039414119176137
770 3.039414119176137
7794 3.039414119176137
6051 3.039414119176137
3733 2.738384123512156
11967 2.738384123512156
11961 3.039414119176137
4754 3.039414119176137
10795 3.039414119176137
7140 2.738384123512156
12011 3.039414119176137
803 3.039414119176137
4669 3.039414119176137
10085 2.738384123512156
11564 3.039414119176137
1003 3.039414119176137
6370 2.5622928644564746
7531 3.039414119176137
7349 2.5622928644564746
7145 3.039414119176137
8241 3.039414119176137
3252 2.5622928644564746
2437 3.039414119176137
4379 2.738384123512156
3871 3.039414119176137
613 3.039414119176137
2314 3.039414119176137
11968 2.738384123512156
10245 2.738384123512156
8262 3.039414119176137
663 2.5622928644564746
8899 3.039414119176137
7378 3.039414119176137
10931 3.039414119176137
5911 3.039414119176137
10585 3.039414119176137
10286 3.039414119176137
5816 3.039414119176137
2876 3.039414119176137
3593 3.039414119176137
11569 2.738384123512156
10061 3.039414119176137
10363 3.039414119176137
4214 3.039414119176137
2153 3.039414119176137
10341 3.039414119176137
10222 3.039414119176137
2937 3.039414119176137
8565 3.039414119176137
1002 3.039414119176137
8597 3.039414119176137
5819 3.039414119176137
8776 3.039414119176137
8669 3.039414119176137
11172 3.039414119176137
5373 3.039414119176137
8898 3.039414119176137
10161 3.039414119176137
10086 3.039414119176137
9613 3.039414119176137
6916 3.039414119176137
726 3.039414119176137
1756 3.039414119176137
1906 3.039414119176137
12124 3.039414119176137
1736 3.039414119176137
6626 2.5622928644564746
11196 3.039414119176137
1470 3.039414119176137
4259 3.039414119176137
1551 2.738384123512156
446 3.039414119176137
2369 3.039414119176137
5638 3.039414119176137
11063 3.039414119176137
835 3.039414119176137
11156 3.039414119176137
2086 3.039414119176137
1397 3.039414119176137
1951 3.039414119176137
6007 3.039414119176137
11654 3.039414119176137
5097 3.039414119176137
6557 3.039414119176137
5242 3.039414119176137
5987 3.039414119176137
7270 2.4373541278481747
454 3.039414119176137
11020 3.039414119176137
1391 3.039414119176137
10163 3.039414119176137
1599 3.039414119176137
6534 3.039414119176137
7193 3.039414119176137
9140 3.039414119176137
8126 3.039414119176137
471 2.738384123512156
9799 3.039414119176137
7770 3.039414119176137
3428 3.039414119176137
5196 3.039414119176137
10136 3.039414119176137
2339 3.039414119176137
5807 3.039414119176137
2251 3.039414119176137
8394 3.039414119176137
3065 3.039414119176137
8985 3.039414119176137
4840 2.738384123512156
5308 3.039414119176137
3861 2.039414119176137
6230 3.039414119176137
1512 3.039414119176137
1340 3.039414119176137
4044 3.039414119176137
2083 3.039414119176137
9039 3.039414119176137
3854 3.039414119176137
9840 3.039414119176137
10275 3.039414119176137
4521 2.738384123512156
3794 3.039414119176137
8658 3.039414119176137
3313 3.039414119176137
3877 3.039414119176137
3793 3.039414119176137
117 3.039414119176137
10699 3.039414119176137
6151 3.039414119176137
8748 3.039414119176137
4452 3.039414119176137
10526 3.039414119176137
8066 3.039414119176137
660 2.738384123512156
9552 2.738384123512156
557 2.738384123512156
4424 3.039414119176137
11091 3.039414119176137
4772 3.039414119176137
85 3.039414119176137
4069 3.039414119176137
3104 3.039414119176137
9607 3.039414119176137
11251 3.039414119176137
10410 3.039414119176137
8345 3.039414119176137
6949 3.039414119176137
11130 3.039414119176137
7236 3.039414119176137
7508 3.039414119176137
6891 2.738384123512156
1185 2.4373541278481747
8390 3.039414119176137
8662 3.039414119176137
5282 3.039414119176137
7811 2.738384123512156
3779 3.039414119176137
6188 2.738384123512156
3059 3.039414119176137
2633 2.2612628687924934
6797 3.039414119176137
3863 3.039414119176137
1791 3.039414119176137
4286 3.039414119176137
7175 3.039414119176137
7849 3.039414119176137
9060 3.039414119176137
8319 3.039414119176137
893 3.039414119176137
2284 3.039414119176137
2667 3.039414119176137
3031 3.039414119176137
12038 3.039414119176137
9953 3.039414119176137
4659 3.039414119176137
10951 2.4373541278481747
4400 1.8089651977978631
8939 3.039414119176137
11758 3.039414119176137
4398 3.039414119176137
2383 3.039414119176137
1817 3.039414119176137
916 3.039414119176137
10590 3.039414119176137
11912 3.039414119176137
2433 3.039414119176137
8919 2.738384123512156
6511 3.039414119176137
3133 3.039414119176137
7281 3.039414119176137
9294 3.039414119176137
6310 3.039414119176137
4707 3.039414119176137
5341 3.039414119176137
9577 3.039414119176137
12014 3.039414119176137
1844 3.039414119176137
8734 3.039414119176137
5815 3.039414119176137
2513 3.039414119176137
1129 3.039414119176137
11965 6.078828238352274
6222 3.039414119176137
10243 3.039414119176137
1327 3.039414119176137
11110 3.039414119176137
2796 3.039414119176137
9063 3.039414119176137
938 3.039414119176137
4454 3.039414119176137
1944 3.039414119176137
1346 3.039414119176137
4954 3.039414119176137
3474 3.039414119176137
864 3.039414119176137
10461 3.039414119176137
11932 2.5622928644564746
12035 3.039414119176137
3162 3.039414119176137
12148 3.039414119176137
2576 3.039414119176137
7777 3.039414119176137
8769 3.039414119176137
12045 3.039414119176137
10252 3.039414119176137
8371 3.039414119176137
5462 3.039414119176137
10335 3.039414119176137
11461 3.039414119176137
2545 3.039414119176137
8129 3.039414119176137
6825 3.039414119176137
8125 3.039414119176137
1324 3.039414119176137
9759 3.039414119176137
6649 3.039414119176137
5262 3.039414119176137
5981 3.039414119176137
9582 3.039414119176137
2997 3.039414119176137
6666 3.039414119176137
7067 3.039414119176137
9682 3.039414119176137
952 3.039414119176137
8791 3.039414119176137
11494 3.039414119176137
10306 3.039414119176137
3990 3.039414119176137
2042 3.039414119176137
8548 3.039414119176137
7073 3.039414119176137
2877 3.039414119176137
5061 3.039414119176137
11113 3.039414119176137
965 3.039414119176137
8551 3.039414119176137
4234 3.039414119176137
5699 3.039414119176137
7693 3.039414119176137
7497 3.039414119176137
8079 3.039414119176137
9624 3.039414119176137
11662 3.039414119176137
7851 3.039414119176137
11884 3.039414119176137
11683 3.039414119176137
5033 3.039414119176137
4056 3.039414119176137
9641 3.039414119176137
3610 3.039414119176137
4733 3.039414119176137
6806 3.039414119176137
5511 3.039414119176137
1591 3.039414119176137
3225 3.039414119176137
10349 3.039414119176137
2143 3.039414119176137
7701 3.039414119176137
4196 3.039414119176137
4878 3.039414119176137
9518 3.039414119176137
3575 3.039414119176137
7919 3.039414119176137
664 3.039414119176137
11672 3.039414119176137
6635 2.340444114840118
4876 3.039414119176137
11547 3.039414119176137
5996 3.039414119176137
11582 3.039414119176137
2446 3.039414119176137
8012 3.039414119176137
10641 3.039414119176137
11054 3.039414119176137
8116 3.039414119176137
9767 3.039414119176137
9396 3.039414119176137
10402 3.039414119176137
193 3.039414119176137
10578 3.039414119176137
6174 3.039414119176137
622 3.039414119176137
1074 3.039414119176137
8630 3.039414119176137
7987 3.039414119176137
5053 3.039414119176137
2624 3.039414119176137
6651 3.039414119176137
6869 3.039414119176137
11167 3.039414119176137
